{
 "cells": [
  {
   "cell_type": "code",
   "execution_count": 1,
   "metadata": {},
   "outputs": [],
   "source": [
    "from gsw import *"
   ]
  },
  {
   "cell_type": "code",
   "execution_count": 2,
   "metadata": {},
   "outputs": [
    {
     "name": "stdout",
     "output_type": "stream",
     "text": [
      "Requirement already satisfied: quadprog in c:\\users\\ga bo\\anaconda3\\lib\\site-packages (0.1.11)\n",
      "Requirement already satisfied: numpy in c:\\users\\ga bo\\anaconda3\\lib\\site-packages (from quadprog) (1.21.6)\n"
     ]
    }
   ],
   "source": [
    "!pip install quadprog"
   ]
  },
  {
   "cell_type": "markdown",
   "metadata": {},
   "source": [
    "We wil try to add a coordinate to our vectors with a varying parameter in $\\mu\\in[0,1]$ that will force more or less balance on our assignment. $\\mu=0$ will be the classical GSW, and $\\mu=1$ will just force our groups to be as close to 50% each as possible."
   ]
  },
  {
   "cell_type": "code",
   "execution_count": 3,
   "metadata": {},
   "outputs": [],
   "source": [
    "def run_experiment(n,d,repeat,det=False):\n",
    "    mu_list=[0,1e-3,1e-2,1e-1,25e-2,5e-1,75e-2,9e-1,99e-2,999e-3,1]\n",
    "    avg_balance=[]\n",
    "    avg_norm=[]\n",
    "    avg_norm_og=[]\n",
    "    gsw_xs=[]\n",
    "\n",
    "    for mu in mu_list:\n",
    "        balance=[]\n",
    "        norms=[]\n",
    "        norms_og=[]\n",
    "        for i in range(repeat):\n",
    "            v=sample_from_ball(n,d=d)\n",
    "            B=np.transpose(np.vstack(tuple([e for e in v])))\n",
    "            #Modify the vectors to add an additional coordinate\n",
    "            mod_v=[]\n",
    "            max_norm=max([norm(vec) for vec in v])\n",
    "            for vec in v:\n",
    "                mod_vec=np.append((vec*np.sqrt(1-mu)),np.sqrt(mu))\n",
    "                mod_v.append(mod_vec)\n",
    "            mod_B=np.transpose(np.vstack(tuple([e for e in mod_v])))\n",
    "            x=gram_schmidt_walk(mod_v,np.zeros(n),smallest_delta=det)\n",
    "            gsw_xs.append(x)\n",
    "            balance.append(abs(sum(x)))\n",
    "            norms.append(norm(np.matmul(mod_B,x)))\n",
    "            norms_og.append(norm(np.matmul(B,x)))\n",
    "        avg_balance.append(average(balance))\n",
    "        avg_norm.append(average(norms))\n",
    "        avg_norm_og.append(average(norms_og))\n",
    "    #study the norm of the assignment overall, while going back to original vectors, and the balance\n",
    "    for i in range(len(mu_list)):\n",
    "        mu=mu_list[i]\n",
    "        print(f'\\nmu: {mu}\\nAverage balance: {avg_balance[i]}\\nAverage assignment norm: {avg_norm[i]}\\nAverage assignment norm with original vectors: {avg_norm_og[i]}\\n')"
   ]
  },
  {
   "cell_type": "code",
   "execution_count": 4,
   "metadata": {},
   "outputs": [],
   "source": [
    "def run_experiment2(n,d,repeat,det=False):\n",
    "    avg_balance=[]\n",
    "    avg_norm=[]\n",
    "    avg_norm_og=[]\n",
    "    gsw_xs=[]\n",
    "\n",
    "    for force_balance in [False,True]:\n",
    "        balance=[]\n",
    "        norms=[]\n",
    "        for i in range(repeat):\n",
    "            v=sample_from_ball(n,d=d)\n",
    "            B=np.transpose(np.vstack(tuple([e for e in v])))\n",
    "            #Modify the vectors to add an additional coordinate\n",
    "            x=gram_schmidt_walk(v,np.zeros(n),smallest_delta=det,force_balance=force_balance)\n",
    "            gsw_xs.append(x)\n",
    "            balance.append(abs(sum(x)))\n",
    "            norms.append(norm(np.matmul(B,x)))\n",
    "        avg_balance.append(average(balance))\n",
    "        avg_norm.append(average(norms))\n",
    "    #study the norm of the assignment overall, while going back to original vectors, and the balance\n",
    "    for i in range(2):\n",
    "        force_balance=[False,True][i]\n",
    "        print(f'\\nforce_balance: {force_balance}\\nAverage balance: {avg_balance[i]}\\nAverage assignment norm: {avg_norm[i]}\\n')"
   ]
  },
  {
   "cell_type": "code",
   "execution_count": 5,
   "metadata": {},
   "outputs": [
    {
     "name": "stderr",
     "output_type": "stream",
     "text": [
      "C:\\Users\\Ga Bo\\Desktop\\Master Thesis\\GSWalk\\gsw.py:91: FutureWarning: `rcond` parameter will change to the default of machine precision times ``max(M, N)`` where M and N are the input matrix dimensions.\n",
      "To use the future default and silence this warning we advise to pass `rcond=None`, to keep using the old, explicitly pass `rcond=-1`.\n",
      "  u1=np.linalg.lstsq(B_t,-B[:,p])[0]\n"
     ]
    },
    {
     "name": "stdout",
     "output_type": "stream",
     "text": [
      "\n",
      "mu: 0\n",
      "Average balance: 2.556\n",
      "Average assignment norm: 1.6986477349941047\n",
      "Average assignment norm with original vectors: 1.6986477349941047\n",
      "\n",
      "\n",
      "mu: 0.001\n",
      "Average balance: 2.518\n",
      "Average assignment norm: 1.701474036475437\n",
      "Average assignment norm with original vectors: 1.6991687650827063\n",
      "\n",
      "\n",
      "mu: 0.01\n",
      "Average balance: 2.176\n",
      "Average assignment norm: 1.7255436199402576\n",
      "Average assignment norm with original vectors: 1.709486882219517\n",
      "\n",
      "\n",
      "mu: 0.1\n",
      "Average balance: 1.282\n",
      "Average assignment norm: 1.763657637608553\n",
      "Average assignment norm with original vectors: 1.7583511493969284\n",
      "\n",
      "\n",
      "mu: 0.25\n",
      "Average balance: 0.892\n",
      "Average assignment norm: 1.7173378945755409\n",
      "Average assignment norm with original vectors: 1.8206426291211353\n",
      "\n",
      "\n",
      "mu: 0.5\n",
      "Average balance: 0.49\n",
      "Average assignment norm: 1.4845820585741463\n",
      "Average assignment norm with original vectors: 1.8775754617666642\n",
      "\n",
      "\n",
      "mu: 0.75\n",
      "Average balance: 0.226\n",
      "Average assignment norm: 1.074623809083023\n",
      "Average assignment norm with original vectors: 1.910397814835627\n",
      "\n",
      "\n",
      "mu: 0.9\n",
      "Average balance: 0.102\n",
      "Average assignment norm: 0.6782567733823682\n",
      "Average assignment norm with original vectors: 1.9175030906807906\n",
      "\n",
      "\n",
      "mu: 0.99\n",
      "Average balance: 0.004000000000000004\n",
      "Average assignment norm: 0.19485858011673482\n",
      "Average assignment norm with original vectors: 1.9126008466820485\n",
      "\n",
      "\n",
      "mu: 0.999\n",
      "Average balance: 8.326672684688674e-18\n",
      "Average assignment norm: 0.06077124326541139\n",
      "Average assignment norm with original vectors: 1.9217554495886837\n",
      "\n",
      "\n",
      "mu: 1\n",
      "Average balance: 1.0025313912365163e-15\n",
      "Average assignment norm: 1.0025313912365163e-15\n",
      "Average assignment norm with original vectors: 2.806911129695085\n",
      "\n"
     ]
    }
   ],
   "source": [
    "n=10\n",
    "d=10\n",
    "repeat=10**3\n",
    "run_experiment(n,d,repeat)"
   ]
  },
  {
   "cell_type": "code",
   "execution_count": 8,
   "metadata": {},
   "outputs": [
    {
     "name": "stdout",
     "output_type": "stream",
     "text": [
      "\n",
      "mu: 0\n",
      "Average balance: 2.95\n",
      "Average assignment norm: 1.5407021376502574\n",
      "Average assignment norm with original vectors: 1.5407021376502574\n",
      "\n",
      "\n",
      "mu: 0.001\n",
      "Average balance: 2.928\n",
      "Average assignment norm: 1.5544962825599584\n",
      "Average assignment norm with original vectors: 1.5508602180645186\n",
      "\n",
      "\n",
      "mu: 0.01\n",
      "Average balance: 2.522\n",
      "Average assignment norm: 1.5732232735614413\n",
      "Average assignment norm with original vectors: 1.5480131750423667\n",
      "\n",
      "\n",
      "mu: 0.1\n",
      "Average balance: 1.538\n",
      "Average assignment norm: 1.6205406563062297\n",
      "Average assignment norm with original vectors: 1.5735568234665487\n",
      "\n",
      "\n",
      "mu: 0.25\n",
      "Average balance: 1.038\n",
      "Average assignment norm: 1.5785557397437562\n",
      "Average assignment norm with original vectors: 1.615928540848069\n",
      "\n",
      "\n",
      "mu: 0.5\n",
      "Average balance: 0.464\n",
      "Average assignment norm: 1.3754868336736306\n",
      "Average assignment norm with original vectors: 1.7267200018371056\n",
      "\n",
      "\n",
      "mu: 0.75\n",
      "Average balance: 0.182\n",
      "Average assignment norm: 0.9923008419540034\n",
      "Average assignment norm with original vectors: 1.7849234622868273\n",
      "\n",
      "\n",
      "mu: 0.9\n",
      "Average balance: 0.064\n",
      "Average assignment norm: 0.6098818360235242\n",
      "Average assignment norm with original vectors: 1.780714214413401\n",
      "\n",
      "\n",
      "mu: 0.99\n",
      "Average balance: 0.0020000000000000026\n",
      "Average assignment norm: 0.18128852872089823\n",
      "Average assignment norm with original vectors: 1.7947929424468334\n",
      "\n",
      "\n",
      "mu: 0.999\n",
      "Average balance: 4.107825191113079e-18\n",
      "Average assignment norm: 0.057208901808323366\n",
      "Average assignment norm with original vectors: 1.8091043215122782\n",
      "\n",
      "\n",
      "mu: 1\n",
      "Average balance: 9.873213357991518e-16\n",
      "Average assignment norm: 9.873213357991518e-16\n",
      "Average assignment norm with original vectors: 2.8082428995879303\n",
      "\n"
     ]
    }
   ],
   "source": [
    "#Same but with deterministic\n",
    "n=10\n",
    "d=10\n",
    "repeat=10**3\n",
    "run_experiment(n,d,repeat,det=True)"
   ]
  },
  {
   "cell_type": "code",
   "execution_count": 6,
   "metadata": {},
   "outputs": [
    {
     "name": "stdout",
     "output_type": "stream",
     "text": [
      "\n",
      "mu: 0\n",
      "Average balance: 2.486\n",
      "Average assignment norm: 2.283516888253302\n",
      "Average assignment norm with original vectors: 2.283516888253302\n",
      "\n",
      "\n",
      "mu: 0.001\n",
      "Average balance: 2.418\n",
      "Average assignment norm: 2.266333407779966\n",
      "Average assignment norm with original vectors: 2.2653066164835054\n",
      "\n",
      "\n",
      "mu: 0.01\n",
      "Average balance: 2.128\n",
      "Average assignment norm: 2.291116576842284\n",
      "Average assignment norm with original vectors: 2.284551250611651\n",
      "\n",
      "\n",
      "mu: 0.1\n",
      "Average balance: 1.422\n",
      "Average assignment norm: 2.3018113713004036\n",
      "Average assignment norm with original vectors: 2.3360993406262733\n",
      "\n",
      "\n",
      "mu: 0.25\n",
      "Average balance: 0.92\n",
      "Average assignment norm: 2.149275086417174\n",
      "Average assignment norm with original vectors: 2.3493325985586893\n",
      "\n",
      "\n",
      "mu: 0.5\n",
      "Average balance: 0.536\n",
      "Average assignment norm: 1.8325354636602773\n",
      "Average assignment norm with original vectors: 2.3906101778979396\n",
      "\n",
      "\n",
      "mu: 0.75\n",
      "Average balance: 0.218\n",
      "Average assignment norm: 1.3116151719923919\n",
      "Average assignment norm with original vectors: 2.421004220014192\n",
      "\n",
      "\n",
      "mu: 0.9\n",
      "Average balance: 0.102\n",
      "Average assignment norm: 0.8321271362335798\n",
      "Average assignment norm with original vectors: 2.421686978967034\n",
      "\n",
      "\n",
      "mu: 0.99\n",
      "Average balance: 0.010000000000000004\n",
      "Average assignment norm: 0.24976625570669508\n",
      "Average assignment norm with original vectors: 2.408281174802008\n",
      "\n",
      "\n",
      "mu: 0.999\n",
      "Average balance: 7.216449660063518e-18\n",
      "Average assignment norm: 0.07620727412033228\n",
      "Average assignment norm with original vectors: 2.4098856049305457\n",
      "\n",
      "\n",
      "mu: 1\n",
      "Average balance: 9.640066522820234e-16\n",
      "Average assignment norm: 9.640066522820234e-16\n",
      "Average assignment norm with original vectors: 2.9697704022116507\n",
      "\n"
     ]
    }
   ],
   "source": [
    "n=10\n",
    "d=20\n",
    "repeat=10**3\n",
    "run_experiment(n,d,repeat)"
   ]
  },
  {
   "cell_type": "code",
   "execution_count": 7,
   "metadata": {},
   "outputs": [
    {
     "name": "stdout",
     "output_type": "stream",
     "text": [
      "\n",
      "mu: 0\n",
      "Average balance: 3.428\n",
      "Average assignment norm: 2.401127634392269\n",
      "Average assignment norm with original vectors: 2.401127634392269\n",
      "\n",
      "\n",
      "mu: 0.001\n",
      "Average balance: 3.35\n",
      "Average assignment norm: 2.375974668998256\n",
      "Average assignment norm with original vectors: 2.3733303657319187\n",
      "\n",
      "\n",
      "mu: 0.01\n",
      "Average balance: 2.668\n",
      "Average assignment norm: 2.4266893030294403\n",
      "Average assignment norm with original vectors: 2.4143617212409496\n",
      "\n",
      "\n",
      "mu: 0.1\n",
      "Average balance: 1.514\n",
      "Average assignment norm: 2.4361810221236215\n",
      "Average assignment norm with original vectors: 2.4751645550851067\n",
      "\n",
      "\n",
      "mu: 0.25\n",
      "Average balance: 0.936\n",
      "Average assignment norm: 2.2809777325070635\n",
      "Average assignment norm with original vectors: 2.5033041045700632\n",
      "\n",
      "\n",
      "mu: 0.5\n",
      "Average balance: 0.55\n",
      "Average assignment norm: 1.934528379083951\n",
      "Average assignment norm with original vectors: 2.5401275025447876\n",
      "\n",
      "\n",
      "mu: 0.75\n",
      "Average balance: 0.23\n",
      "Average assignment norm: 1.380579881886521\n",
      "Average assignment norm with original vectors: 2.555099027711783\n",
      "\n",
      "\n",
      "mu: 0.9\n",
      "Average balance: 0.078\n",
      "Average assignment norm: 0.8570072161821621\n",
      "Average assignment norm with original vectors: 2.553667372575292\n",
      "\n",
      "\n",
      "mu: 0.99\n",
      "Average balance: 0.012\n",
      "Average assignment norm: 0.26896919885077286\n",
      "Average assignment norm with original vectors: 2.5848517985753197\n",
      "\n",
      "\n",
      "mu: 0.999\n",
      "Average balance: 0.004000000000000002\n",
      "Average assignment norm: 0.08544877272013858\n",
      "Average assignment norm with original vectors: 2.580287957577721\n",
      "\n",
      "\n",
      "mu: 1\n",
      "Average balance: 1.4809264925474964e-15\n",
      "Average assignment norm: 1.4809264925474964e-15\n",
      "Average assignment norm with original vectors: 4.178952813717285\n",
      "\n"
     ]
    }
   ],
   "source": [
    "n=20\n",
    "d=20\n",
    "repeat=10**3\n",
    "run_experiment(n,d,repeat)"
   ]
  },
  {
   "cell_type": "code",
   "execution_count": 4,
   "metadata": {},
   "outputs": [
    {
     "name": "stderr",
     "output_type": "stream",
     "text": [
      "C:\\Users\\Ga Bo\\Desktop\\Master Thesis\\GSWalk\\gsw.py:89: FutureWarning: `rcond` parameter will change to the default of machine precision times ``max(M, N)`` where M and N are the input matrix dimensions.\n",
      "To use the future default and silence this warning we advise to pass `rcond=None`, to keep using the old, explicitly pass `rcond=-1`.\n",
      "  u1=np.linalg.lstsq(B_t,-B[:,p])[0]\n"
     ]
    },
    {
     "name": "stdout",
     "output_type": "stream",
     "text": [
      "\n",
      "mu: 0\n",
      "Average balance: 5.606\n",
      "Average assignment norm: 3.735831705188186\n",
      "Average assignment norm with original vectors: 3.735831705188186\n",
      "\n",
      "\n",
      "mu: 0.001\n",
      "Average balance: 4.722\n",
      "Average assignment norm: 3.7665653484758734\n",
      "Average assignment norm with original vectors: 3.763695375545763\n",
      "\n",
      "\n",
      "mu: 0.01\n",
      "Average balance: 3.402\n",
      "Average assignment norm: 3.75917993127881\n",
      "Average assignment norm with original vectors: 3.752639790962147\n",
      "\n",
      "\n",
      "mu: 0.1\n",
      "Average balance: 1.586\n",
      "Average assignment norm: 3.6649714506404356\n",
      "Average assignment norm with original vectors: 3.7958378539347604\n",
      "\n",
      "\n",
      "mu: 0.25\n",
      "Average balance: 1.002\n",
      "Average assignment norm: 3.3936834503934317\n",
      "Average assignment norm with original vectors: 3.8249235786903086\n",
      "\n",
      "\n",
      "mu: 0.5\n",
      "Average balance: 0.566\n",
      "Average assignment norm: 2.8099263723650663\n",
      "Average assignment norm with original vectors: 3.834544675070586\n",
      "\n",
      "\n",
      "mu: 0.75\n",
      "Average balance: 0.264\n",
      "Average assignment norm: 2.0061109190819897\n",
      "Average assignment norm with original vectors: 3.834399760190937\n",
      "\n",
      "\n",
      "mu: 0.9\n",
      "Average balance: 0.092\n",
      "Average assignment norm: 1.2673791246427069\n",
      "Average assignment norm with original vectors: 3.856203961382354\n",
      "\n",
      "\n",
      "mu: 0.99\n",
      "Average balance: 0.006000000000000002\n",
      "Average assignment norm: 0.3910623429298902\n",
      "Average assignment norm with original vectors: 3.861624106787775\n",
      "\n",
      "\n",
      "mu: 0.999\n",
      "Average balance: 0.0020000000000000026\n",
      "Average assignment norm: 0.12396639491912656\n",
      "Average assignment norm with original vectors: 3.860641501490061\n",
      "\n",
      "\n",
      "mu: 1\n",
      "Average balance: 2.2959412149248237e-15\n",
      "Average assignment norm: 2.2959412149248237e-15\n",
      "Average assignment norm with original vectors: 6.909385717546882\n",
      "\n"
     ]
    }
   ],
   "source": [
    "n=50\n",
    "d=50\n",
    "repeat=10**3\n",
    "run_experiment(n,d,repeat)"
   ]
  },
  {
   "cell_type": "code",
   "execution_count": 5,
   "metadata": {},
   "outputs": [
    {
     "name": "stdout",
     "output_type": "stream",
     "text": [
      "\n",
      "mu: 0\n",
      "Average balance: 10.82\n",
      "Average assignment norm: 3.4520521710898056\n",
      "Average assignment norm with original vectors: 3.4520521710898056\n",
      "\n",
      "\n",
      "mu: 0.001\n",
      "Average balance: 10.12\n",
      "Average assignment norm: 3.441355717448663\n",
      "Average assignment norm with original vectors: 3.4240319284794514\n",
      "\n",
      "\n",
      "mu: 0.01\n",
      "Average balance: 7.498\n",
      "Average assignment norm: 3.4878200419744863\n",
      "Average assignment norm with original vectors: 3.402116216375675\n",
      "\n",
      "\n",
      "mu: 0.1\n",
      "Average balance: 3.226\n",
      "Average assignment norm: 3.4556906019911056\n",
      "Average assignment norm with original vectors: 3.4350429116615264\n",
      "\n",
      "\n",
      "mu: 0.25\n",
      "Average balance: 1.686\n",
      "Average assignment norm: 3.1796771231207486\n",
      "Average assignment norm with original vectors: 3.4800004990157625\n",
      "\n",
      "\n",
      "mu: 0.5\n",
      "Average balance: 0.812\n",
      "Average assignment norm: 2.6541057028622967\n",
      "Average assignment norm with original vectors: 3.535398772827605\n",
      "\n",
      "\n",
      "mu: 0.75\n",
      "Average balance: 0.284\n",
      "Average assignment norm: 1.8984685300365585\n",
      "Average assignment norm with original vectors: 3.591730411846843\n",
      "\n",
      "\n",
      "mu: 0.9\n",
      "Average balance: 0.098\n",
      "Average assignment norm: 1.1984084765231615\n",
      "Average assignment norm with original vectors: 3.6170682386355613\n",
      "\n",
      "\n",
      "mu: 0.99\n",
      "Average balance: 0.016\n",
      "Average assignment norm: 0.37547079747593437\n",
      "Average assignment norm with original vectors: 3.6207518710668256\n",
      "\n",
      "\n",
      "mu: 0.999\n",
      "Average balance: 2.7755575615628915e-18\n",
      "Average assignment norm: 0.11471586014561932\n",
      "Average assignment norm with original vectors: 3.6276340180549145\n",
      "\n",
      "\n",
      "mu: 1\n",
      "Average balance: 2.2216672945774007e-15\n",
      "Average assignment norm: 2.2216672945774007e-15\n",
      "Average assignment norm with original vectors: 6.897701249636624\n",
      "\n"
     ]
    }
   ],
   "source": [
    "#Same with DGSW\n",
    "n=50\n",
    "d=50\n",
    "repeat=10**3\n",
    "run_experiment(n,d,repeat,det=True)"
   ]
  },
  {
   "cell_type": "code",
   "execution_count": 6,
   "metadata": {},
   "outputs": [
    {
     "name": "stdout",
     "output_type": "stream",
     "text": [
      "\n",
      "mu: 0\n",
      "Average balance: 8.086\n",
      "Average assignment norm: 5.2587120517406465\n",
      "Average assignment norm with original vectors: 5.2587120517406465\n",
      "\n",
      "\n",
      "mu: 0.001\n",
      "Average balance: 6.248\n",
      "Average assignment norm: 5.277951151139372\n",
      "Average assignment norm with original vectors: 5.2746130791756345\n",
      "\n",
      "\n",
      "mu: 0.01\n",
      "Average balance: 4.164\n",
      "Average assignment norm: 5.266642692183788\n",
      "Average assignment norm with original vectors: 5.266373844383489\n",
      "\n",
      "\n",
      "mu: 0.1\n",
      "Average balance: 1.898\n",
      "Average assignment norm: 5.099504709605804\n",
      "Average assignment norm with original vectors: 5.311496581126678\n",
      "\n",
      "\n",
      "mu: 0.25\n",
      "Average balance: 1.108\n",
      "Average assignment norm: 4.693718512904639\n",
      "Average assignment norm with original vectors: 5.340852707334575\n",
      "\n",
      "\n",
      "mu: 0.5\n",
      "Average balance: 0.576\n",
      "Average assignment norm: 3.837478791180796\n",
      "Average assignment norm with original vectors: 5.320971342886688\n",
      "\n",
      "\n",
      "mu: 0.75\n",
      "Average balance: 0.266\n",
      "Average assignment norm: 2.736295578053779\n",
      "Average assignment norm with original vectors: 5.33589330129299\n",
      "\n",
      "\n",
      "mu: 0.9\n",
      "Average balance: 0.106\n",
      "Average assignment norm: 1.7311377726632955\n",
      "Average assignment norm with original vectors: 5.330881761665067\n",
      "\n",
      "\n",
      "mu: 0.99\n",
      "Average balance: 0.01\n",
      "Average assignment norm: 0.5410245881273266\n",
      "Average assignment norm with original vectors: 5.333669705987009\n",
      "\n",
      "\n",
      "mu: 0.999\n",
      "Average balance: 0.0020000000000000026\n",
      "Average assignment norm: 0.17061450379392992\n",
      "Average assignment norm with original vectors: 5.337105632930414\n",
      "\n",
      "\n",
      "mu: 1\n",
      "Average balance: 3.1986635562475385e-15\n",
      "Average assignment norm: 3.1986635562475385e-15\n",
      "Average assignment norm with original vectors: 9.917104373711927\n",
      "\n"
     ]
    }
   ],
   "source": [
    "n=100\n",
    "d=100\n",
    "repeat=10**3\n",
    "run_experiment(n,d,repeat,det=False)"
   ]
  },
  {
   "cell_type": "code",
   "execution_count": 7,
   "metadata": {},
   "outputs": [
    {
     "name": "stdout",
     "output_type": "stream",
     "text": [
      "\n",
      "mu: 0\n",
      "Average balance: 20.854\n",
      "Average assignment norm: 4.863202374930056\n",
      "Average assignment norm with original vectors: 4.863202374930056\n",
      "\n",
      "\n",
      "mu: 0.001\n",
      "Average balance: 18.698\n",
      "Average assignment norm: 4.876239626897472\n",
      "Average assignment norm with original vectors: 4.837421160001833\n",
      "\n",
      "\n",
      "mu: 0.01\n",
      "Average balance: 11.908\n",
      "Average assignment norm: 4.9185541591482345\n",
      "Average assignment norm with original vectors: 4.7747362872917165\n",
      "\n",
      "\n",
      "mu: 0.1\n",
      "Average balance: 3.886\n",
      "Average assignment norm: 4.77055937764875\n",
      "Average assignment norm with original vectors: 4.820669683398458\n",
      "\n",
      "\n",
      "mu: 0.25\n",
      "Average balance: 2.044\n",
      "Average assignment norm: 4.3915332489330705\n",
      "Average assignment norm with original vectors: 4.885150940507576\n",
      "\n",
      "\n",
      "mu: 0.5\n",
      "Average balance: 0.994\n",
      "Average assignment norm: 3.630704847041969\n",
      "Average assignment norm with original vectors: 4.938360192751435\n",
      "\n",
      "\n",
      "mu: 0.75\n",
      "Average balance: 0.328\n",
      "Average assignment norm: 2.5861028222079496\n",
      "Average assignment norm with original vectors: 4.9912903476938535\n",
      "\n",
      "\n",
      "mu: 0.9\n",
      "Average balance: 0.116\n",
      "Average assignment norm: 1.6355349614418835\n",
      "Average assignment norm with original vectors: 5.004499597510623\n",
      "\n",
      "\n",
      "mu: 0.99\n",
      "Average balance: 0.018\n",
      "Average assignment norm: 0.514900024478456\n",
      "Average assignment norm with original vectors: 5.007855283775354\n",
      "\n",
      "\n",
      "mu: 0.999\n",
      "Average balance: 0.002000000000000001\n",
      "Average assignment norm: 0.16002373160946595\n",
      "Average assignment norm with original vectors: 5.0020873881386025\n",
      "\n",
      "\n",
      "mu: 1\n",
      "Average balance: 2.8587132661073154e-15\n",
      "Average assignment norm: 2.8587132661073154e-15\n",
      "Average assignment norm with original vectors: 9.850844931334223\n",
      "\n"
     ]
    }
   ],
   "source": [
    "#Same with DGSW\n",
    "n=100\n",
    "d=100\n",
    "repeat=10**3\n",
    "run_experiment(n,d,repeat,det=True)"
   ]
  },
  {
   "cell_type": "code",
   "execution_count": 6,
   "metadata": {},
   "outputs": [
    {
     "name": "stdout",
     "output_type": "stream",
     "text": [
      "\n",
      "force_balance: False\n",
      "Average balance: 2.528\n",
      "Average assignment norm: 1.6959066244038057\n",
      "\n",
      "\n",
      "force_balance: True\n",
      "Average balance: 1.329492071988625e-15\n",
      "Average assignment norm: 1.955115820030405\n",
      "\n"
     ]
    }
   ],
   "source": [
    "#Now with the Spielman implementation\n",
    "n=10\n",
    "d=10\n",
    "repeat=10**3\n",
    "run_experiment2(n,d,repeat,det=False)"
   ]
  },
  {
   "cell_type": "code",
   "execution_count": 7,
   "metadata": {},
   "outputs": [
    {
     "name": "stdout",
     "output_type": "stream",
     "text": [
      "\n",
      "force_balance: False\n",
      "Average balance: 2.872\n",
      "Average assignment norm: 1.5166041135022277\n",
      "\n",
      "\n",
      "force_balance: True\n",
      "Average balance: 1.5636381078820704e-15\n",
      "Average assignment norm: 1.7918437285049846\n",
      "\n"
     ]
    }
   ],
   "source": [
    "#Now with the Spielman implementation and DGSW\n",
    "n=10\n",
    "d=10\n",
    "repeat=10**3\n",
    "run_experiment2(n,d,repeat,det=True)"
   ]
  },
  {
   "cell_type": "code",
   "execution_count": 8,
   "metadata": {},
   "outputs": [
    {
     "name": "stdout",
     "output_type": "stream",
     "text": [
      "\n",
      "force_balance: False\n",
      "Average balance: 5.396\n",
      "Average assignment norm: 3.7344007567970827\n",
      "\n",
      "\n",
      "force_balance: True\n",
      "Average balance: 9.089728969513545e-15\n",
      "Average assignment norm: 3.858996853212454\n",
      "\n"
     ]
    }
   ],
   "source": [
    "#Now with the Spielman implementation\n",
    "n=50\n",
    "d=50\n",
    "repeat=10**3\n",
    "run_experiment2(n,d,repeat,det=False)"
   ]
  },
  {
   "cell_type": "code",
   "execution_count": 5,
   "metadata": {},
   "outputs": [
    {
     "name": "stderr",
     "output_type": "stream",
     "text": [
      "C:\\Users\\Ga Bo\\Desktop\\Master Thesis\\GSWalk\\gsw.py:91: FutureWarning: `rcond` parameter will change to the default of machine precision times ``max(M, N)`` where M and N are the input matrix dimensions.\n",
      "To use the future default and silence this warning we advise to pass `rcond=None`, to keep using the old, explicitly pass `rcond=-1`.\n",
      "  u1=np.linalg.lstsq(B_t,-B[:,p])[0]\n"
     ]
    },
    {
     "name": "stdout",
     "output_type": "stream",
     "text": [
      "\n",
      "force_balance: False\n",
      "Average balance: 10.56\n",
      "Average assignment norm: 3.4363489205111515\n",
      "\n",
      "\n",
      "force_balance: True\n",
      "Average balance: 8.643197269009306e-15\n",
      "Average assignment norm: 3.6314887178891144\n",
      "\n"
     ]
    }
   ],
   "source": [
    "#Now with the Spielman implementation and DGSW\n",
    "n=50\n",
    "d=50\n",
    "repeat=10**3\n",
    "run_experiment2(n,d,repeat,det=True)"
   ]
  },
  {
   "cell_type": "code",
   "execution_count": 8,
   "metadata": {},
   "outputs": [
    {
     "name": "stdout",
     "output_type": "stream",
     "text": [
      "\n",
      "force_balance: False\n",
      "Average balance: 7.956\n",
      "Average assignment norm: 5.2281808446343065\n",
      "\n",
      "\n",
      "force_balance: True\n",
      "Average balance: 2.1522006399266048e-14\n",
      "Average assignment norm: 5.317166350988126\n",
      "\n"
     ]
    }
   ],
   "source": [
    "#Now with the Spielman implementation\n",
    "n=100\n",
    "d=100\n",
    "repeat=10**3\n",
    "run_experiment2(n,d,repeat,det=False)"
   ]
  },
  {
   "cell_type": "code",
   "execution_count": 10,
   "metadata": {},
   "outputs": [
    {
     "name": "stdout",
     "output_type": "stream",
     "text": [
      "\n",
      "force_balance: False\n",
      "Average balance: 20.808\n",
      "Average assignment norm: 4.868046337425259\n",
      "\n",
      "\n",
      "force_balance: True\n",
      "Average balance: 1.7871149005088682e-14\n",
      "Average assignment norm: 5.01013169234071\n",
      "\n"
     ]
    }
   ],
   "source": [
    "#Now with the Spielman implementation and DGSW\n",
    "n=100\n",
    "d=100\n",
    "repeat=10**3\n",
    "run_experiment2(n,d,repeat,det=True)"
   ]
  },
  {
   "cell_type": "code",
   "execution_count": 8,
   "metadata": {},
   "outputs": [
    {
     "name": "stdout",
     "output_type": "stream",
     "text": [
      "[[ 0.38091228 -0.38037579  0.20375361  0.22139681 -0.03137008 -0.00162183\n",
      "   0.0767676   0.06563213 -0.04212582  0.44123713]\n",
      " [ 0.11251153  0.10208049  0.03915442  0.23071497  0.01731235 -0.47754245\n",
      "   0.22232608  0.36970824 -0.07379813  0.02475789]\n",
      " [-0.47895922 -0.14693778 -0.04790252 -0.64835251 -0.64009036 -0.21052937\n",
      "  -0.38780505 -0.09998606 -0.09606656 -0.04623466]\n",
      " [ 0.17610992 -0.29261268 -0.31929488  0.2796543  -0.25104813 -0.13947315\n",
      "   0.17555884  0.02716544 -0.44121395  0.11069811]\n",
      " [ 0.33755336  0.22709013  0.20468702 -0.10209995  0.2635279   0.22567264\n",
      "  -0.0695407  -0.24503816 -0.48724125 -0.49800486]\n",
      " [-0.42808671 -0.46020253 -0.02275422 -0.10300987  0.23887983  0.43721529\n",
      "   0.68500061  0.26177603 -0.49625371 -0.29654156]\n",
      " [ 0.04262341  0.40647736  0.03075504 -0.09896453  0.56020503 -0.06202352\n",
      "   0.0772063   0.2011112  -0.10866628  0.11722525]\n",
      " [-0.11384335  0.03019894  0.20195198  0.13386985  0.13194683 -0.28103835\n",
      "   0.35771647  0.428121    0.00572225  0.04681484]\n",
      " [-0.26089693 -0.06599274  0.79221704  0.44006675  0.01700272 -0.09952621\n",
      "  -0.20463315  0.08410017  0.23242528 -0.46553383]\n",
      " [-0.08714221  0.17392182 -0.24196981  0.04258905 -0.16159065  0.42473976\n",
      "  -0.20821731  0.48803355 -0.2694645   0.45293689]\n",
      " [ 1.          1.          1.          1.          1.          1.\n",
      "   1.          1.          1.          1.        ]]\n",
      "[[1.80580819 1.17505114 0.92028229 1.34172639 1.25755914 0.92924009\n",
      "  0.9883029  0.8198571  0.94948965 1.25299344]\n",
      " [1.17505114 1.72641502 1.0081519  0.91917595 1.3335936  0.92039721\n",
      "  0.68755211 1.01740779 1.16323872 0.99103114]\n",
      " [0.92028229 1.0081519  1.91759471 1.33966955 1.25005758 0.83154902\n",
      "  0.91993225 1.00903291 1.29271341 0.49721363]\n",
      " [1.34172639 0.91917595 1.33966955 1.84503658 1.25315694 0.86168571\n",
      "  1.24668524 1.26550817 1.11573764 1.0548172 ]\n",
      " [1.25755914 1.3335936  1.25005758 1.25315694 1.95817544 1.18331454\n",
      "  1.47152181 1.15120152 0.91272886 0.77705635]\n",
      " [0.92924009 0.92039721 0.83154902 0.86168571 1.18331454 1.80704896\n",
      "  1.06127081 0.96588244 0.65769266 0.95800285]\n",
      " [0.9883029  0.68755211 0.91993225 1.24668524 1.47152181 1.06127081\n",
      "  1.92974861 1.37698157 0.63630642 0.93499288]\n",
      " [0.8198571  1.01740779 1.00903291 1.26550817 1.15120152 0.96588244\n",
      "  1.37698157 1.74928022 0.82569143 1.31565989]\n",
      " [0.94948965 1.16323872 1.29271341 1.11573764 0.91272886 0.65769266\n",
      "  0.63630642 0.82569143 1.8332648  1.08227106]\n",
      " [1.25299344 0.99103114 0.49721363 1.0548172  0.77705635 0.95800285\n",
      "  0.93499288 1.31565989 1.08227106 1.98344757]]\n",
      "Additional constraints breached the framework and were thus discarded\n",
      "[[ 0.38091228 -0.38037579  0.20375361  0.22139681 -0.03137008 -0.00162183\n",
      "   0.0767676   0.06563213 -0.04212582  0.44123713]\n",
      " [ 0.11251153  0.10208049  0.03915442  0.23071497  0.01731235 -0.47754245\n",
      "   0.22232608  0.36970824 -0.07379813  0.02475789]\n",
      " [-0.47895922 -0.14693778 -0.04790252 -0.64835251 -0.64009036 -0.21052937\n",
      "  -0.38780505 -0.09998606 -0.09606656 -0.04623466]\n",
      " [ 0.17610992 -0.29261268 -0.31929488  0.2796543  -0.25104813 -0.13947315\n",
      "   0.17555884  0.02716544 -0.44121395  0.11069811]\n",
      " [ 0.33755336  0.22709013  0.20468702 -0.10209995  0.2635279   0.22567264\n",
      "  -0.0695407  -0.24503816 -0.48724125 -0.49800486]\n",
      " [-0.42808671 -0.46020253 -0.02275422 -0.10300987  0.23887983  0.43721529\n",
      "   0.68500061  0.26177603 -0.49625371 -0.29654156]\n",
      " [ 0.04262341  0.40647736  0.03075504 -0.09896453  0.56020503 -0.06202352\n",
      "   0.0772063   0.2011112  -0.10866628  0.11722525]\n",
      " [-0.11384335  0.03019894  0.20195198  0.13386985  0.13194683 -0.28103835\n",
      "   0.35771647  0.428121    0.00572225  0.04681484]\n",
      " [-0.26089693 -0.06599274  0.79221704  0.44006675  0.01700272 -0.09952621\n",
      "  -0.20463315  0.08410017  0.23242528 -0.46553383]\n",
      " [-0.08714221  0.17392182 -0.24196981  0.04258905 -0.16159065  0.42473976\n",
      "  -0.20821731  0.48803355 -0.2694645   0.45293689]\n",
      " [ 1.          1.          1.          1.          1.          1.\n",
      "   1.          1.          1.          1.        ]]\n",
      "[[1.80580819 1.17505114 0.92028229 1.34172639 1.25755914 0.92924009\n",
      "  0.9883029  0.8198571  0.94948965 1.25299344]\n",
      " [1.17505114 1.72641502 1.0081519  0.91917595 1.3335936  0.92039721\n",
      "  0.68755211 1.01740779 1.16323872 0.99103114]\n",
      " [0.92028229 1.0081519  1.91759471 1.33966955 1.25005758 0.83154902\n",
      "  0.91993225 1.00903291 1.29271341 0.49721363]\n",
      " [1.34172639 0.91917595 1.33966955 1.84503658 1.25315694 0.86168571\n",
      "  1.24668524 1.26550817 1.11573764 1.0548172 ]\n",
      " [1.25755914 1.3335936  1.25005758 1.25315694 1.95817544 1.18331454\n",
      "  1.47152181 1.15120152 0.91272886 0.77705635]\n",
      " [0.92924009 0.92039721 0.83154902 0.86168571 1.18331454 1.80704896\n",
      "  1.06127081 0.96588244 0.65769266 0.95800285]\n",
      " [0.9883029  0.68755211 0.91993225 1.24668524 1.47152181 1.06127081\n",
      "  1.92974861 1.37698157 0.63630642 0.93499288]\n",
      " [0.8198571  1.01740779 1.00903291 1.26550817 1.15120152 0.96588244\n",
      "  1.37698157 1.74928022 0.82569143 1.31565989]\n",
      " [0.94948965 1.16323872 1.29271341 1.11573764 0.91272886 0.65769266\n",
      "  0.63630642 0.82569143 1.8332648  1.08227106]\n",
      " [1.25299344 0.99103114 0.49721363 1.0548172  0.77705635 0.95800285\n",
      "  0.93499288 1.31565989 1.08227106 1.98344757]]\n",
      "Additional constraints breached the framework and were thus discarded\n",
      "[[-0.25204918 -0.14098955 -0.44993167  0.21509342 -0.19513951  0.25935216\n",
      "   0.31337545  0.05478535  0.34897517 -0.00893121]\n",
      " [ 0.31082578 -0.26128339  0.01181304  0.18767404 -0.06084696  0.2929142\n",
      "   0.21591787  0.16403586 -0.13418892 -0.18986067]\n",
      " [-0.16872076 -0.23604219 -0.4094644  -0.01419989  0.04937043 -0.19927808\n",
      "  -0.18483663  0.30479403  0.27082306 -0.45500393]\n",
      " [ 0.21817149  0.51230227  0.15599552 -0.0350359   0.41448345 -0.13118873\n",
      "   0.02279713  0.15886809  0.46473773 -0.59889283]\n",
      " [-0.25837112 -0.16581487  0.3929834   0.52428097  0.18182964 -0.56654339\n",
      "   0.13619794 -0.00274975  0.30372228  0.27476092]\n",
      " [ 0.08145771  0.3292009   0.00670469 -0.06068927 -0.11322176  0.26854504\n",
      "  -0.06011275 -0.46155232  0.01086848  0.33475344]\n",
      " [ 0.03661593  0.04160325 -0.36641203 -0.35496371 -0.00946663 -0.22414751\n",
      "  -0.47465411 -0.4957894  -0.44066385  0.19795198]\n",
      " [ 0.01433689 -0.0431562  -0.09119089 -0.05867368  0.01899761  0.23777927\n",
      "   0.21135951 -0.45505357 -0.18734494 -0.11049043]\n",
      " [-0.21228465 -0.28075751  0.23888019 -0.36361827  0.57471635 -0.04631613\n",
      "  -0.05739273 -0.079342   -0.06634606 -0.11818002]\n",
      " [ 0.3138541   0.23589276  0.1089114  -0.5452393  -0.4743342  -0.33046914\n",
      "   0.07279632 -0.3836599  -0.18927792 -0.18130933]\n",
      " [ 1.          1.          1.          1.          1.          1.\n",
      "   1.          1.          1.          1.        ]]\n",
      "[[1.45471338 1.31011641 1.08795399 0.75069559 0.78521883 1.10024476\n",
      "  1.00488137 0.85527885 0.78430036 0.81946998]\n",
      " [1.31011641 1.68024786 1.12127707 0.76036327 0.90221383 0.96453819\n",
      "  0.91675397 0.73815793 1.07696617 0.91950846]\n",
      " [1.08795399 1.12127707 1.76055365 1.10058488 1.28958393 0.74045142\n",
      "  1.14277714 1.03551511 1.06452053 1.09444602]\n",
      " [0.75069559 0.76036327 1.10058488 1.92041558 1.08547963 1.06749665\n",
      "  1.32206867 1.49996831 1.48306483 1.19167326]\n",
      " [0.78521883 0.90221383 1.28958393 1.08547963 1.81763928 0.87070702\n",
      "  0.89859896 1.24441431 1.25232138 0.76876691]\n",
      " [1.10024476 0.96453819 0.74045142 1.06749665 0.87070702 1.82120849\n",
      "  1.22030887 0.99167715 0.88696136 1.04029149]\n",
      " [1.00488137 0.91675397 1.14277714 1.32206867 0.89859896 1.22030887\n",
      "  1.480235   1.14301516 1.24123096 0.92022624]\n",
      " [0.85527885 0.73815793 1.03551511 1.49996831 1.24441431 0.99167715\n",
      "  1.14301516 1.96745673 1.52924347 0.61035188]\n",
      " [0.78430036 1.07696617 1.06452053 1.48306483 1.25232138 0.88696136\n",
      "  1.24123096 1.52924347 1.79099266 0.68352423]\n",
      " [0.81946998 0.91950846 1.09444602 1.19167326 0.76876691 1.04029149\n",
      "  0.92022624 0.61035188 0.68352423 1.88761417]]\n",
