{
 "cells": [
  {
   "cell_type": "code",
   "execution_count": 1,
   "metadata": {},
   "outputs": [],
   "source": [
    "from gsw import *"
   ]
  },
  {
   "cell_type": "code",
   "execution_count": 2,
   "metadata": {
    "scrolled": false
   },
   "outputs": [
    {
     "name": "stdout",
     "output_type": "stream",
     "text": [
      "Finished 'sample_from_ball' in 0.0 secs\n",
      "Finished 'orthonormal_basis' in 0.0 secs\n",
      "Finished 'get_alives' in 0.0 secs\n",
      "Finished 'choose_pivot' in 0.0 secs\n",
      "[[ 0.16753183  0.13358966  0.30515742 -0.53483977  0.16507706 -0.08435027\n",
      "   0.03519199  0.36301322 -0.1421942 ]\n",
      " [-0.12730428  0.07125895 -0.01083733  0.15595883 -0.02547395 -0.4111186\n",
      "  -0.3868348   0.35614932 -0.47225331]\n",
      " [ 0.39204501  0.4400964  -0.03802255 -0.22887156  0.41811013  0.21858934\n",
      "   0.12148087 -0.12318906  0.08332715]\n",
      " [ 0.28843969 -0.45227731  0.28437445 -0.21887121  0.34806839 -0.14627059\n",
      "   0.07020614 -0.2903133  -0.25407204]\n",
      " [ 0.03683497  0.28579747 -0.28275957 -0.10064653  0.31242527 -0.00850218\n",
      "   0.0157541   0.4777129  -0.23310397]\n",
      " [ 0.51423432 -0.09828458 -0.56500928 -0.2770593   0.04529837  0.28333156\n",
      "   0.23504898  0.14310844 -0.12822665]\n",
      " [ 0.11322982 -0.0193293   0.1339048   0.0389384  -0.18951585  0.28235332\n",
      "  -0.61503611 -0.13822587 -0.34101877]\n",
      " [-0.07020689  0.31195772 -0.19498136  0.36941454 -0.48746337 -0.56192128\n",
      "   0.08238925  0.13033629  0.2507729 ]\n",
      " [-0.3757437   0.06436968 -0.21873001  0.38442456  0.28823624 -0.17098237\n",
      "  -0.14237815  0.00929203  0.14515525]\n",
      " [-0.33991458  0.13132172 -0.36104223  0.19787665 -0.23703611  0.03548362\n",
      "   0.25474963  0.13893813 -0.08875521]]\n",
      "[ 0.30859326  0.18034112  0.40598602 -0.64760811 -0.20632849 -0.05479181\n",
      " -0.48444262 -0.13568108 -0.02441215  0.17888367]\n",
      "Time necessary to update C_S and D_S: 2.4796999998244473e-05\n",
      "Finished 'next_direction' in 0.008 secs\n",
      "Finished 'next_factor' in 0.0 secs\n",
      "Finished 'get_alives' in 0.0 secs\n",
      "Finished 'choose_pivot' in 0.0 secs\n",
      "[[ 0.16753183  0.13358966  0.30515742 -0.53483977  0.16507706  0.03519199\n",
      "   0.36301322 -0.1421942 ]\n",
      " [-0.12730428  0.07125895 -0.01083733  0.15595883 -0.02547395 -0.3868348\n",
      "   0.35614932 -0.47225331]\n",
      " [ 0.39204501  0.4400964  -0.03802255 -0.22887156  0.41811013  0.12148087\n",
      "  -0.12318906  0.08332715]\n",
      " [ 0.28843969 -0.45227731  0.28437445 -0.21887121  0.34806839  0.07020614\n",
      "  -0.2903133  -0.25407204]\n",
      " [ 0.03683497  0.28579747 -0.28275957 -0.10064653  0.31242527  0.0157541\n",
      "   0.4777129  -0.23310397]\n",
      " [ 0.51423432 -0.09828458 -0.56500928 -0.2770593   0.04529837  0.23504898\n",
      "   0.14310844 -0.12822665]\n",
      " [ 0.11322982 -0.0193293   0.1339048   0.0389384  -0.18951585 -0.61503611\n",
      "  -0.13822587 -0.34101877]\n",
      " [-0.07020689  0.31195772 -0.19498136  0.36941454 -0.48746337  0.08238925\n",
      "   0.13033629  0.2507729 ]\n",
      " [-0.3757437   0.06436968 -0.21873001  0.38442456  0.28823624 -0.14237815\n",
      "   0.00929203  0.14515525]\n",
      " [-0.33991458  0.13132172 -0.36104223  0.19787665 -0.23703611  0.25474963\n",
      "   0.13893813 -0.08875521]]\n",
      "[-0.18497191 -0.53410381  0.38373608 -0.15573184 -0.1223064   0.23753194\n",
      "  0.44417934 -0.72451498 -0.20630911  0.25931628]\n",
      "Time necessary to update C_S and D_S: 0.00038982000000231665\n",
      "Finished 'next_direction' in 0.008 secs\n",
      "Finished 'next_factor' in 0.0 secs\n",
      "Finished 'get_alives' in 0.0 secs\n",
      "[[ 0.16753183  0.13358966  0.30515742 -0.53483977  0.16507706  0.03519199\n",
      "  -0.1421942 ]\n",
      " [-0.12730428  0.07125895 -0.01083733  0.15595883 -0.02547395 -0.3868348\n",
      "  -0.47225331]\n",
      " [ 0.39204501  0.4400964  -0.03802255 -0.22887156  0.41811013  0.12148087\n",
      "   0.08332715]\n",
      " [ 0.28843969 -0.45227731  0.28437445 -0.21887121  0.34806839  0.07020614\n",
      "  -0.25407204]\n",
      " [ 0.03683497  0.28579747 -0.28275957 -0.10064653  0.31242527  0.0157541\n",
      "  -0.23310397]\n",
      " [ 0.51423432 -0.09828458 -0.56500928 -0.2770593   0.04529837  0.23504898\n",
      "  -0.12822665]\n",
      " [ 0.11322982 -0.0193293   0.1339048   0.0389384  -0.18951585 -0.61503611\n",
      "  -0.34101877]\n",
      " [-0.07020689  0.31195772 -0.19498136  0.36941454 -0.48746337  0.08238925\n",
      "   0.2507729 ]\n",
      " [-0.3757437   0.06436968 -0.21873001  0.38442456  0.28823624 -0.14237815\n",
      "   0.14515525]\n",
      " [-0.33991458  0.13132172 -0.36104223  0.19787665 -0.23703611  0.25474963\n",
      "  -0.08875521]]\n",
      "[-0.10023966 -0.14437241  0.25223113  0.09340544  0.10605188  0.22763246\n",
      "  0.26049282 -0.49701102 -0.32346601  0.2459507 ]\n",
      "Time necessary to update C_S and D_S: 0.00012690099999801419\n",
      "Finished 'next_direction' in 0.013 secs\n",
      "Finished 'next_factor' in 0.0 secs\n",
      "Finished 'get_alives' in 0.0 secs\n",
      "[[ 0.16753183  0.13358966 -0.53483977  0.16507706  0.03519199 -0.1421942 ]\n",
      " [-0.12730428  0.07125895  0.15595883 -0.02547395 -0.3868348  -0.47225331]\n",
      " [ 0.39204501  0.4400964  -0.22887156  0.41811013  0.12148087  0.08332715]\n",
      " [ 0.28843969 -0.45227731 -0.21887121  0.34806839  0.07020614 -0.25407204]\n",
      " [ 0.03683497  0.28579747 -0.10064653  0.31242527  0.0157541  -0.23310397]\n",
      " [ 0.51423432 -0.09828458 -0.2770593   0.04529837  0.23504898 -0.12822665]\n",
      " [ 0.11322982 -0.0193293   0.0389384  -0.18951585 -0.61503611 -0.34101877]\n",
      " [-0.07020689  0.31195772  0.36941454 -0.48746337  0.08238925  0.2507729 ]\n",
      " [-0.3757437   0.06436968  0.38442456  0.28823624 -0.14237815  0.14515525]\n",
      " [-0.33991458  0.13132172  0.19787665 -0.23703611  0.25474963 -0.08875521]]\n"
     ]
    },
    {
     "name": "stderr",
     "output_type": "stream",
     "text": [
      "C:\\Users\\Ga Bo\\Desktop\\Master Thesis\\GSWalk\\gsw.py:521: FutureWarning: `rcond` parameter will change to the default of machine precision times ``max(M, N)`` where M and N are the input matrix dimensions.\n",
      "To use the future default and silence this warning we advise to pass `rcond=None`, to keep using the old, explicitly pass `rcond=-1`.\n",
      "  sol=np.linalg.lstsq(m, i)\n",
      "ERROR:root:Internal Python error in the inspect module.\n",
      "Below is the traceback from this internal error.\n",
      "\n"
     ]
    },
    {
     "name": "stdout",
     "output_type": "stream",
     "text": [
      "Traceback (most recent call last):\n",
      "  File \"C:\\Users\\Ga Bo\\Anaconda3\\lib\\site-packages\\IPython\\core\\magics\\execution.py\", line 1312, in time\n",
      "    exec(code, glob, local_ns)\n",
      "  File \"<timed exec>\", line 6, in <module>\n",
      "  File \"C:\\Users\\Ga Bo\\Desktop\\Master Thesis\\GSWalk\\gsw.py\", line 32, in wrapper\n",
      "    value = func(*args, **kwargs)\n",
      "  File \"C:\\Users\\Ga Bo\\Desktop\\Master Thesis\\GSWalk\\gsw.py\", line 451, in gram_schmidt_walk\n",
      "    u_in_basis,colinear,X_t,old_alive_and_not_pivot,old_alive,B_S,C_S=next_direction(p,v,a,b,B,alive,old_alive_and_not_pivot,old_alive,X_t,debug=debug,bigger_first=bigger_first,force_balance=force_balance,fast_lst_sq=fast_lst_sq,i_instead_of_d_inv=i_instead_of_d_inv,d_instead_of_d_inv=d_instead_of_d_inv,B_S=B_S,C_S=C_S,no_matrix_mult=no_matrix_mult,flag_issue=flag_issue,normal_variant=normal_variant)\n",
      "  File \"C:\\Users\\Ga Bo\\Desktop\\Master Thesis\\GSWalk\\gsw.py\", line 32, in wrapper\n",
      "    value = func(*args, **kwargs)\n",
      "  File \"C:\\Users\\Ga Bo\\Desktop\\Master Thesis\\GSWalk\\gsw.py\", line 144, in next_direction\n",
      "    v_perp_maybe=np.linalg.inv(B_t.T.dot(B_t)).dot(B_t.T)[p,:]\n",
      "IndexError: index 6 is out of bounds for axis 0 with size 6\n",
      "\n",
      "During handling of the above exception, another exception occurred:\n",
      "\n",
      "Traceback (most recent call last):\n",
      "  File \"C:\\Users\\Ga Bo\\Anaconda3\\lib\\site-packages\\IPython\\core\\interactiveshell.py\", line 2044, in showtraceback\n",
      "    stb = value._render_traceback_()\n",
      "AttributeError: 'IndexError' object has no attribute '_render_traceback_'\n",
      "\n",
      "During handling of the above exception, another exception occurred:\n",
      "\n",
      "Traceback (most recent call last):\n",
      "  File \"C:\\Users\\Ga Bo\\Anaconda3\\lib\\site-packages\\IPython\\core\\ultratb.py\", line 1148, in get_records\n",
      "    return _fixed_getinnerframes(etb, number_of_lines_of_context, tb_offset)\n",
      "  File \"C:\\Users\\Ga Bo\\Anaconda3\\lib\\site-packages\\IPython\\core\\ultratb.py\", line 316, in wrapped\n",
      "    return f(*args, **kwargs)\n",
      "  File \"C:\\Users\\Ga Bo\\Anaconda3\\lib\\site-packages\\IPython\\core\\ultratb.py\", line 350, in _fixed_getinnerframes\n",
      "    records = fix_frame_records_filenames(inspect.getinnerframes(etb, context))\n",
      "  File \"C:\\Users\\Ga Bo\\Anaconda3\\lib\\inspect.py\", line 1502, in getinnerframes\n",
      "    frameinfo = (tb.tb_frame,) + getframeinfo(tb, context)\n",
      "  File \"C:\\Users\\Ga Bo\\Anaconda3\\lib\\inspect.py\", line 1460, in getframeinfo\n",
      "    filename = getsourcefile(frame) or getfile(frame)\n",
      "  File \"C:\\Users\\Ga Bo\\Anaconda3\\lib\\inspect.py\", line 696, in getsourcefile\n",
      "    if getattr(getmodule(object, filename), '__loader__', None) is not None:\n",
      "  File \"C:\\Users\\Ga Bo\\Anaconda3\\lib\\inspect.py\", line 739, in getmodule\n",
      "    f = getabsfile(module)\n",
      "  File \"C:\\Users\\Ga Bo\\Anaconda3\\lib\\inspect.py\", line 708, in getabsfile\n",
      "    _filename = getsourcefile(object) or getfile(object)\n",
      "  File \"C:\\Users\\Ga Bo\\Anaconda3\\lib\\inspect.py\", line 693, in getsourcefile\n",
      "    if os.path.exists(filename):\n",
      "  File \"C:\\Users\\Ga Bo\\Anaconda3\\lib\\genericpath.py\", line 19, in exists\n",
      "    os.stat(path)\n",
      "KeyboardInterrupt\n"
     ]
    },
    {
     "ename": "IndexError",
     "evalue": "index 6 is out of bounds for axis 0 with size 6",
     "output_type": "error",
     "traceback": [
      "\u001b[1;31m---------------------------------------------------------------------------\u001b[0m"
     ]
    }
   ],
   "source": [
    "%%time\n",
    "n=10\n",
    "v=sample_from_sphere(n)\n",
    "v=sample_from_ball(n,d=n)\n",
    "gsw_xs=[]\n",
    "for i in range(n):\n",
    "    gsw_xs.append(gram_schmidt_walk(v,np.zeros(n),plot=False,debug=False,fast_lst_sq=False))"
   ]
  },
  {
   "cell_type": "code",
   "execution_count": 3,
   "metadata": {},
   "outputs": [
    {
     "name": "stdout",
     "output_type": "stream",
     "text": [
      "Finished 'sample_from_ball' in 0.0 secs\n",
      "Finished 'orthonormal_basis' in 0.0 secs\n",
      "Finished 'get_alives' in 0.0 secs\n",
      "Finished 'choose_pivot' in 0.0 secs\n",
      "A_S:[[ 0.26837605 -0.27522415  0.37818987  0.04366443  0.31767446 -0.15958215\n",
      "   0.33551708  0.14515184  0.15065338  0.05698162]\n",
      " [-0.37862561 -0.21984484 -0.05198008  0.19076252  0.15779464  0.12766511\n",
      "  -0.07433408  0.49017521 -0.14697613 -0.04029713]\n",
      " [ 0.23826092  0.05714396  0.29892141 -0.40288981 -0.02315781  0.54725406\n",
      "   0.17161454  0.37477997 -0.29361802  0.1573372 ]\n",
      " [ 0.1964139  -0.03227945  0.01047533  0.4648679   0.11518111 -0.37955068\n",
      "   0.16256154 -0.15101995 -0.07063889 -0.28443652]\n",
      " [-0.42490813 -0.19784543 -0.10645124 -0.03911669 -0.28536898 -0.22995775\n",
      "   0.44241625 -0.0672495   0.19374937 -0.23559274]\n",
      " [-0.43543954  0.45760455  0.35212075 -0.34651814  0.542661    0.07951995\n",
      "  -0.27199142  0.37181266 -0.04394522 -0.73489919]\n",
      " [ 0.04711348  0.21537202 -0.1493134   0.27971513 -0.59588401 -0.28801516\n",
      "  -0.31203769 -0.35346044 -0.45110584  0.06352677]\n",
      " [ 0.44592537  0.56728961  0.14630841 -0.20125028  0.22278054 -0.18144766\n",
      "  -0.22894123 -0.37896924  0.23187442  0.12339635]\n",
      " [-0.08030257 -0.11543054 -0.41139564 -0.0234415  -0.03440224 -0.51309301\n",
      "  -0.05626076 -0.27764209  0.56112923 -0.27024237]\n",
      " [-0.29001246  0.15072981 -0.46151176  0.05274962 -0.18842863 -0.03954444\n",
      "   0.34337027  0.20802528  0.04029895 -0.34767387]]\n",
      "C_S:[[ -23.18871958   26.88220245   25.19876825   23.67745484   19.91756\n",
      "    -6.75413252   -5.50033183   19.13892864   10.90229801  -16.79007062]\n",
      " [ -30.39730935   36.06045973   30.60215679   29.47055022   27.7182566\n",
      "    -8.56391346   -7.22322046   26.8545872    11.69064912  -20.97911325]\n",
      " [ -75.95636249   89.06722403   77.80577317   74.64528779   69.61149357\n",
      "   -21.09376254  -18.29143492   63.60111673   31.19584757  -56.23038831]\n",
      " [ -92.0473865   106.89364774   92.19651399   90.25947173   82.0253665\n",
      "   -26.06442757  -22.77145413   75.96842759   36.99778158  -66.03964067]\n",
      " [ 101.17072195 -118.04421671 -104.02404456  -98.65212503  -91.40072353\n",
      "    28.53988763   23.68250484  -83.84733702  -42.71367368   73.27441223]\n",
      " [ -65.19639094   72.25222249   64.14274812   62.46698971   56.3600165\n",
      "   -17.89837282  -17.00109277   51.42177634   25.38753572  -46.08476806]\n",
      " [  36.80043871  -42.90018891  -37.35687513  -35.38637862  -31.93690624\n",
      "     9.9433504     8.39180334  -29.87699519  -16.17217359   27.17143189]\n",
      " [ -47.60431381   59.07945396   50.99978409   47.27860779   43.66066176\n",
      "   -13.8050088   -10.89119395   41.38096156   21.36387555  -34.56341125]\n",
      " [-123.52543579  143.89710737  125.38728625  120.21165181  110.98035607\n",
      "   -34.8915794   -30.65310088  102.75265516   51.63484928  -89.24485939]\n",
      " [  39.15322064  -43.38476871  -39.80928647  -38.73058029  -33.98464272\n",
      "    10.05106222    9.59904759  -30.46552479  -16.76498921   27.99547543]]\n",
      "C_S2:[[ -23.18871958   26.88220245   25.19876825   23.67745484   19.91756\n",
      "    -6.75413252   -5.50033183   19.13892864   10.90229801  -16.79007062]\n",
      " [ -30.39730935   36.06045973   30.60215679   29.47055022   27.7182566\n",
      "    -8.56391346   -7.22322046   26.8545872    11.69064912  -20.97911325]\n",
      " [ -75.95636249   89.06722403   77.80577317   74.64528779   69.61149357\n",
      "   -21.09376254  -18.29143492   63.60111673   31.19584757  -56.23038831]\n",
      " [ -92.0473865   106.89364775   92.19651399   90.25947173   82.0253665\n",
      "   -26.06442757  -22.77145413   75.96842759   36.99778158  -66.03964067]\n",
      " [ 101.17072195 -118.04421671 -104.02404456  -98.65212503  -91.40072353\n",
      "    28.53988763   23.68250484  -83.84733702  -42.71367369   73.27441223]\n",
      " [ -65.19639094   72.25222249   64.14274812   62.46698971   56.3600165\n",
      "   -17.89837282  -17.00109277   51.42177634   25.38753572  -46.08476806]\n",
      " [  36.80043871  -42.90018891  -37.35687513  -35.38637862  -31.93690625\n",
      "     9.9433504     8.39180334  -29.87699519  -16.17217359   27.17143189]\n",
      " [ -47.60431381   59.07945396   50.9997841    47.27860779   43.66066176\n",
      "   -13.8050088   -10.89119395   41.38096156   21.36387555  -34.56341125]\n",
      " [-123.52543579  143.89710737  125.38728625  120.21165182  110.98035607\n",
      "   -34.8915794   -30.65310088  102.75265517   51.63484928  -89.24485939]\n",
      " [  39.15322064  -43.38476871  -39.80928647  -38.73058029  -33.98464272\n",
      "    10.05106222    9.59904759  -30.46552479  -16.76498921   27.99547543]]\n",
      "Finished 'next_direction' in 0.034 secs\n",
      "Finished 'next_factor' in 0.0 secs\n",
      "Finished 'get_alives' in 0.0 secs\n",
      "Finished 'next_direction' in 0.0 secs\n",
      "Finished 'next_factor' in 0.0 secs\n",
      "Finished 'get_alives' in 0.0 secs\n",
      "Finished 'next_direction' in 0.0 secs\n",
      "Finished 'next_factor' in 0.0 secs\n",
      "Finished 'get_alives' in 0.0 secs\n",
      "Finished 'choose_pivot' in 0.0 secs\n",
      "Finished 'next_direction' in 0.0 secs\n",
      "Finished 'next_factor' in 0.0 secs\n",
      "Finished 'get_alives' in 0.0 secs\n",
      "Finished 'choose_pivot' in 0.0 secs\n",
      "Finished 'next_direction' in 0.0 secs\n",
      "Finished 'next_factor' in 0.0 secs\n",
      "Finished 'get_alives' in 0.0 secs\n",
      "Finished 'choose_pivot' in 0.0 secs\n",
      "Finished 'next_direction' in 0.0 secs\n",
      "Finished 'next_factor' in 0.0 secs\n",
      "Finished 'get_alives' in 0.0 secs\n",
      "Finished 'next_direction' in 0.0 secs\n",
      "Finished 'next_factor' in 0.0 secs\n",
      "Finished 'get_alives' in 0.0 secs\n",
      "Finished 'choose_pivot' in 0.0 secs\n",
      "Finished 'next_direction' in 0.0 secs\n",
      "Finished 'next_factor' in 0.0 secs\n",
      "Finished 'get_alives' in 0.0 secs\n",
      "Finished 'choose_pivot' in 0.0 secs\n",
      "Finished 'next_direction' in 0.0 secs\n",
      "Finished 'next_factor' in 0.0 secs\n",
      "Finished 'get_alives' in 0.0 secs\n",
      "Finished 'choose_pivot' in 0.0 secs\n",
      "Finished 'next_direction' in 0.0 secs\n",
      "Finished 'next_factor' in 0.0 secs\n",
      "Finished 'get_alives' in 0.0 secs\n",
      "Finished 'choose_pivot' in 0.0 secs\n",
      "Finished 'gram_schmidt_walk' in 0.054 secs\n",
      "Finished 'orthonormal_basis' in 0.0 secs\n",
      "Finished 'get_alives' in 0.0 secs\n",
      "Finished 'choose_pivot' in 0.0 secs\n",
      "A_S:[[ 0.26837605 -0.27522415  0.37818987  0.04366443  0.31767446 -0.15958215\n",
      "   0.33551708  0.14515184  0.15065338  0.05698162]\n",
      " [-0.37862561 -0.21984484 -0.05198008  0.19076252  0.15779464  0.12766511\n",
      "  -0.07433408  0.49017521 -0.14697613 -0.04029713]\n",
      " [ 0.23826092  0.05714396  0.29892141 -0.40288981 -0.02315781  0.54725406\n",
      "   0.17161454  0.37477997 -0.29361802  0.1573372 ]\n",
      " [ 0.1964139  -0.03227945  0.01047533  0.4648679   0.11518111 -0.37955068\n",
      "   0.16256154 -0.15101995 -0.07063889 -0.28443652]\n",
      " [-0.42490813 -0.19784543 -0.10645124 -0.03911669 -0.28536898 -0.22995775\n",
      "   0.44241625 -0.0672495   0.19374937 -0.23559274]\n",
      " [-0.43543954  0.45760455  0.35212075 -0.34651814  0.542661    0.07951995\n",
      "  -0.27199142  0.37181266 -0.04394522 -0.73489919]\n",
      " [ 0.04711348  0.21537202 -0.1493134   0.27971513 -0.59588401 -0.28801516\n",
      "  -0.31203769 -0.35346044 -0.45110584  0.06352677]\n",
      " [ 0.44592537  0.56728961  0.14630841 -0.20125028  0.22278054 -0.18144766\n",
      "  -0.22894123 -0.37896924  0.23187442  0.12339635]\n",
      " [-0.08030257 -0.11543054 -0.41139564 -0.0234415  -0.03440224 -0.51309301\n",
      "  -0.05626076 -0.27764209  0.56112923 -0.27024237]\n",
      " [-0.29001246  0.15072981 -0.46151176  0.05274962 -0.18842863 -0.03954444\n",
      "   0.34337027  0.20802528  0.04029895 -0.34767387]]\n",
      "C_S:[[ -23.18871958   26.88220245   25.19876825   23.67745484   19.91756\n",
      "    -6.75413252   -5.50033183   19.13892864   10.90229801  -16.79007062]\n",
      " [ -30.39730935   36.06045973   30.60215679   29.47055022   27.7182566\n",
      "    -8.56391346   -7.22322046   26.8545872    11.69064912  -20.97911325]\n",
      " [ -75.95636249   89.06722403   77.80577317   74.64528779   69.61149357\n",
      "   -21.09376254  -18.29143492   63.60111673   31.19584757  -56.23038831]\n",
      " [ -92.0473865   106.89364774   92.19651399   90.25947173   82.0253665\n",
      "   -26.06442757  -22.77145413   75.96842759   36.99778158  -66.03964067]\n",
      " [ 101.17072195 -118.04421671 -104.02404456  -98.65212503  -91.40072353\n",
      "    28.53988763   23.68250484  -83.84733702  -42.71367368   73.27441223]\n",
      " [ -65.19639094   72.25222249   64.14274812   62.46698971   56.3600165\n",
      "   -17.89837282  -17.00109277   51.42177634   25.38753572  -46.08476806]\n",
      " [  36.80043871  -42.90018891  -37.35687513  -35.38637862  -31.93690624\n",
      "     9.9433504     8.39180334  -29.87699519  -16.17217359   27.17143189]\n",
      " [ -47.60431381   59.07945396   50.99978409   47.27860779   43.66066176\n",
      "   -13.8050088   -10.89119395   41.38096156   21.36387555  -34.56341125]\n",
      " [-123.52543579  143.89710737  125.38728625  120.21165181  110.98035607\n",
      "   -34.8915794   -30.65310088  102.75265516   51.63484928  -89.24485939]\n",
      " [  39.15322064  -43.38476871  -39.80928647  -38.73058029  -33.98464272\n",
      "    10.05106222    9.59904759  -30.46552479  -16.76498921   27.99547543]]\n",
      "C_S2:[[ -23.18871958   26.88220245   25.19876825   23.67745484   19.91756\n",
      "    -6.75413252   -5.50033183   19.13892864   10.90229801  -16.79007062]\n",
      " [ -30.39730935   36.06045973   30.60215679   29.47055022   27.7182566\n",
      "    -8.56391346   -7.22322046   26.8545872    11.69064912  -20.97911325]\n",
      " [ -75.95636249   89.06722403   77.80577317   74.64528779   69.61149357\n",
      "   -21.09376254  -18.29143492   63.60111673   31.19584757  -56.23038831]\n",
      " [ -92.0473865   106.89364775   92.19651399   90.25947173   82.0253665\n",
      "   -26.06442757  -22.77145413   75.96842759   36.99778158  -66.03964067]\n",
      " [ 101.17072195 -118.04421671 -104.02404456  -98.65212503  -91.40072353\n",
      "    28.53988763   23.68250484  -83.84733702  -42.71367369   73.27441223]\n",
      " [ -65.19639094   72.25222249   64.14274812   62.46698971   56.3600165\n",
      "   -17.89837282  -17.00109277   51.42177634   25.38753572  -46.08476806]\n",
      " [  36.80043871  -42.90018891  -37.35687513  -35.38637862  -31.93690625\n",
      "     9.9433504     8.39180334  -29.87699519  -16.17217359   27.17143189]\n",
      " [ -47.60431381   59.07945396   50.9997841    47.27860779   43.66066176\n",
      "   -13.8050088   -10.89119395   41.38096156   21.36387555  -34.56341125]\n",
      " [-123.52543579  143.89710737  125.38728625  120.21165182  110.98035607\n",
      "   -34.8915794   -30.65310088  102.75265517   51.63484928  -89.24485939]\n",
      " [  39.15322064  -43.38476871  -39.80928647  -38.73058029  -33.98464272\n",
      "    10.05106222    9.59904759  -30.46552479  -16.76498921   27.99547543]]\n",
      "Finished 'next_direction' in 0.027 secs\n",
      "Finished 'next_factor' in 0.0 secs\n",
      "Finished 'get_alives' in 0.0 secs\n",
      "Finished 'next_direction' in 0.0 secs\n",
      "Finished 'next_factor' in 0.0 secs\n",
      "Finished 'get_alives' in 0.0 secs\n",
      "Finished 'next_direction' in 0.0 secs\n",
      "Finished 'next_factor' in 0.0 secs\n",
      "Finished 'get_alives' in 0.0 secs\n",
      "Finished 'next_direction' in 0.0 secs\n",
      "Finished 'next_factor' in 0.0 secs\n",
      "Finished 'get_alives' in 0.0 secs\n",
      "Finished 'choose_pivot' in 0.0 secs\n",
      "Finished 'next_direction' in 0.0 secs\n",
      "Finished 'next_factor' in 0.0 secs\n",
      "Finished 'get_alives' in 0.0 secs\n",
      "Finished 'next_direction' in 0.0 secs\n",
      "Finished 'next_factor' in 0.0 secs\n",
      "Finished 'get_alives' in 0.0 secs\n",
      "Finished 'next_direction' in 0.0 secs\n",
      "Finished 'next_factor' in 0.0 secs\n",
      "Finished 'get_alives' in 0.0 secs\n",
      "Finished 'next_direction' in 0.0 secs\n",
      "Finished 'next_factor' in 0.0 secs\n",
      "Finished 'get_alives' in 0.0 secs\n",
      "Finished 'choose_pivot' in 0.0 secs\n",
      "Finished 'next_direction' in 0.0 secs\n",
      "Finished 'next_factor' in 0.0 secs\n",
      "Finished 'get_alives' in 0.0 secs\n",
      "Finished 'choose_pivot' in 0.0 secs\n",
      "Finished 'next_direction' in 0.0 secs\n",
      "Finished 'next_factor' in 0.0 secs\n",
      "Finished 'get_alives' in 0.0 secs\n",
      "Finished 'choose_pivot' in 0.0 secs\n",
      "Finished 'gram_schmidt_walk' in 0.045 secs\n",
      "Finished 'orthonormal_basis' in 0.0 secs\n",
      "Finished 'get_alives' in 0.0 secs\n",
      "Finished 'choose_pivot' in 0.0 secs\n",
      "A_S:[[ 0.26837605 -0.27522415  0.37818987  0.04366443  0.31767446 -0.15958215\n",
      "   0.33551708  0.14515184  0.15065338  0.05698162]\n",
      " [-0.37862561 -0.21984484 -0.05198008  0.19076252  0.15779464  0.12766511\n",
      "  -0.07433408  0.49017521 -0.14697613 -0.04029713]\n",
      " [ 0.23826092  0.05714396  0.29892141 -0.40288981 -0.02315781  0.54725406\n",
      "   0.17161454  0.37477997 -0.29361802  0.1573372 ]\n",
      " [ 0.1964139  -0.03227945  0.01047533  0.4648679   0.11518111 -0.37955068\n",
      "   0.16256154 -0.15101995 -0.07063889 -0.28443652]\n",
      " [-0.42490813 -0.19784543 -0.10645124 -0.03911669 -0.28536898 -0.22995775\n",
      "   0.44241625 -0.0672495   0.19374937 -0.23559274]\n",
      " [-0.43543954  0.45760455  0.35212075 -0.34651814  0.542661    0.07951995\n",
      "  -0.27199142  0.37181266 -0.04394522 -0.73489919]\n",
      " [ 0.04711348  0.21537202 -0.1493134   0.27971513 -0.59588401 -0.28801516\n",
      "  -0.31203769 -0.35346044 -0.45110584  0.06352677]\n",
      " [ 0.44592537  0.56728961  0.14630841 -0.20125028  0.22278054 -0.18144766\n",
      "  -0.22894123 -0.37896924  0.23187442  0.12339635]\n",
      " [-0.08030257 -0.11543054 -0.41139564 -0.0234415  -0.03440224 -0.51309301\n",
      "  -0.05626076 -0.27764209  0.56112923 -0.27024237]\n",
      " [-0.29001246  0.15072981 -0.46151176  0.05274962 -0.18842863 -0.03954444\n",
      "   0.34337027  0.20802528  0.04029895 -0.34767387]]\n",
      "C_S:[[ -23.18871958   26.88220245   25.19876825   23.67745484   19.91756\n",
      "    -6.75413252   -5.50033183   19.13892864   10.90229801  -16.79007062]\n",
      " [ -30.39730935   36.06045973   30.60215679   29.47055022   27.7182566\n",
      "    -8.56391346   -7.22322046   26.8545872    11.69064912  -20.97911325]\n",
      " [ -75.95636249   89.06722403   77.80577317   74.64528779   69.61149357\n",
      "   -21.09376254  -18.29143492   63.60111673   31.19584757  -56.23038831]\n",
      " [ -92.0473865   106.89364774   92.19651399   90.25947173   82.0253665\n",
      "   -26.06442757  -22.77145413   75.96842759   36.99778158  -66.03964067]\n",
      " [ 101.17072195 -118.04421671 -104.02404456  -98.65212503  -91.40072353\n",
      "    28.53988763   23.68250484  -83.84733702  -42.71367368   73.27441223]\n",
      " [ -65.19639094   72.25222249   64.14274812   62.46698971   56.3600165\n",
      "   -17.89837282  -17.00109277   51.42177634   25.38753572  -46.08476806]\n",
      " [  36.80043871  -42.90018891  -37.35687513  -35.38637862  -31.93690624\n",
      "     9.9433504     8.39180334  -29.87699519  -16.17217359   27.17143189]\n",
      " [ -47.60431381   59.07945396   50.99978409   47.27860779   43.66066176\n",
      "   -13.8050088   -10.89119395   41.38096156   21.36387555  -34.56341125]\n",
      " [-123.52543579  143.89710737  125.38728625  120.21165181  110.98035607\n",
      "   -34.8915794   -30.65310088  102.75265516   51.63484928  -89.24485939]\n",
      " [  39.15322064  -43.38476871  -39.80928647  -38.73058029  -33.98464272\n",
      "    10.05106222    9.59904759  -30.46552479  -16.76498921   27.99547543]]\n",
      "C_S2:[[ -23.18871958   26.88220245   25.19876825   23.67745484   19.91756\n",
      "    -6.75413252   -5.50033183   19.13892864   10.90229801  -16.79007062]\n",
      " [ -30.39730935   36.06045973   30.60215679   29.47055022   27.7182566\n",
      "    -8.56391346   -7.22322046   26.8545872    11.69064912  -20.97911325]\n",
      " [ -75.95636249   89.06722403   77.80577317   74.64528779   69.61149357\n",
      "   -21.09376254  -18.29143492   63.60111673   31.19584757  -56.23038831]\n",
      " [ -92.0473865   106.89364775   92.19651399   90.25947173   82.0253665\n",
      "   -26.06442757  -22.77145413   75.96842759   36.99778158  -66.03964067]\n",
      " [ 101.17072195 -118.04421671 -104.02404456  -98.65212503  -91.40072353\n",
      "    28.53988763   23.68250484  -83.84733702  -42.71367369   73.27441223]\n",
      " [ -65.19639094   72.25222249   64.14274812   62.46698971   56.3600165\n",
      "   -17.89837282  -17.00109277   51.42177634   25.38753572  -46.08476806]\n",
      " [  36.80043871  -42.90018891  -37.35687513  -35.38637862  -31.93690625\n",
      "     9.9433504     8.39180334  -29.87699519  -16.17217359   27.17143189]\n",
      " [ -47.60431381   59.07945396   50.9997841    47.27860779   43.66066176\n",
      "   -13.8050088   -10.89119395   41.38096156   21.36387555  -34.56341125]\n",
      " [-123.52543579  143.89710737  125.38728625  120.21165182  110.98035607\n",
      "   -34.8915794   -30.65310088  102.75265517   51.63484928  -89.24485939]\n",
      " [  39.15322064  -43.38476871  -39.80928647  -38.73058029  -33.98464272\n",
      "    10.05106222    9.59904759  -30.46552479  -16.76498921   27.99547543]]\n",
      "Finished 'next_direction' in 0.027 secs\n",
      "Finished 'next_factor' in 0.0 secs\n",
      "Finished 'get_alives' in 0.0 secs\n",
      "Finished 'next_direction' in 0.0 secs\n",
      "Finished 'next_factor' in 0.0 secs\n",
      "Finished 'get_alives' in 0.0 secs\n",
      "Finished 'next_direction' in 0.0 secs\n",
      "Finished 'next_factor' in 0.0 secs\n",
      "Finished 'get_alives' in 0.0 secs\n",
      "Finished 'choose_pivot' in 0.0 secs\n",
      "Finished 'next_direction' in 0.0 secs\n",
      "Finished 'next_factor' in 0.0 secs\n"
     ]
    },
    {
     "name": "stdout",
     "output_type": "stream",
     "text": [
      "Finished 'get_alives' in 0.0 secs\n",
      "Finished 'next_direction' in 0.001 secs\n",
      "Finished 'next_factor' in 0.0 secs\n",
      "Finished 'get_alives' in 0.0 secs\n",
      "Finished 'next_direction' in 0.0 secs\n",
      "Finished 'next_factor' in 0.0 secs\n",
      "Finished 'get_alives' in 0.0 secs\n",
      "Finished 'next_direction' in 0.0 secs\n",
      "Finished 'next_factor' in 0.0 secs\n",
      "Finished 'get_alives' in 0.0 secs\n",
      "Finished 'next_direction' in 0.0 secs\n",
      "Finished 'next_factor' in 0.0 secs\n",
      "Finished 'get_alives' in 0.0 secs\n",
      "Finished 'choose_pivot' in 0.0 secs\n",
      "Finished 'next_direction' in 0.0 secs\n",
      "Finished 'next_factor' in 0.0 secs\n",
      "Finished 'get_alives' in 0.0 secs\n",
      "Finished 'choose_pivot' in 0.0 secs\n",
      "Finished 'next_direction' in 0.0 secs\n",
      "Finished 'next_factor' in 0.0 secs\n",
      "Finished 'get_alives' in 0.0 secs\n",
      "Finished 'choose_pivot' in 0.0 secs\n",
      "Finished 'next_direction' in 0.0 secs\n",
      "Finished 'next_factor' in 0.0 secs\n",
      "Finished 'get_alives' in 0.0 secs\n",
      "Finished 'choose_pivot' in 0.0 secs\n",
      "Finished 'gram_schmidt_walk' in 0.052 secs\n",
      "Finished 'orthonormal_basis' in 0.0 secs\n",
      "Finished 'get_alives' in 0.0 secs\n",
      "Finished 'choose_pivot' in 0.0 secs\n",
      "A_S:[[ 0.26837605 -0.27522415  0.37818987  0.04366443  0.31767446 -0.15958215\n",
      "   0.33551708  0.14515184  0.15065338  0.05698162]\n",
      " [-0.37862561 -0.21984484 -0.05198008  0.19076252  0.15779464  0.12766511\n",
      "  -0.07433408  0.49017521 -0.14697613 -0.04029713]\n",
      " [ 0.23826092  0.05714396  0.29892141 -0.40288981 -0.02315781  0.54725406\n",
      "   0.17161454  0.37477997 -0.29361802  0.1573372 ]\n",
      " [ 0.1964139  -0.03227945  0.01047533  0.4648679   0.11518111 -0.37955068\n",
      "   0.16256154 -0.15101995 -0.07063889 -0.28443652]\n",
      " [-0.42490813 -0.19784543 -0.10645124 -0.03911669 -0.28536898 -0.22995775\n",
      "   0.44241625 -0.0672495   0.19374937 -0.23559274]\n",
      " [-0.43543954  0.45760455  0.35212075 -0.34651814  0.542661    0.07951995\n",
      "  -0.27199142  0.37181266 -0.04394522 -0.73489919]\n",
      " [ 0.04711348  0.21537202 -0.1493134   0.27971513 -0.59588401 -0.28801516\n",
      "  -0.31203769 -0.35346044 -0.45110584  0.06352677]\n",
      " [ 0.44592537  0.56728961  0.14630841 -0.20125028  0.22278054 -0.18144766\n",
      "  -0.22894123 -0.37896924  0.23187442  0.12339635]\n",
      " [-0.08030257 -0.11543054 -0.41139564 -0.0234415  -0.03440224 -0.51309301\n",
      "  -0.05626076 -0.27764209  0.56112923 -0.27024237]\n",
      " [-0.29001246  0.15072981 -0.46151176  0.05274962 -0.18842863 -0.03954444\n",
      "   0.34337027  0.20802528  0.04029895 -0.34767387]]\n",
      "C_S:[[ -23.18871958   26.88220245   25.19876825   23.67745484   19.91756\n",
      "    -6.75413252   -5.50033183   19.13892864   10.90229801  -16.79007062]\n",
      " [ -30.39730935   36.06045973   30.60215679   29.47055022   27.7182566\n",
      "    -8.56391346   -7.22322046   26.8545872    11.69064912  -20.97911325]\n",
      " [ -75.95636249   89.06722403   77.80577317   74.64528779   69.61149357\n",
      "   -21.09376254  -18.29143492   63.60111673   31.19584757  -56.23038831]\n",
      " [ -92.0473865   106.89364774   92.19651399   90.25947173   82.0253665\n",
      "   -26.06442757  -22.77145413   75.96842759   36.99778158  -66.03964067]\n",
      " [ 101.17072195 -118.04421671 -104.02404456  -98.65212503  -91.40072353\n",
      "    28.53988763   23.68250484  -83.84733702  -42.71367368   73.27441223]\n",
      " [ -65.19639094   72.25222249   64.14274812   62.46698971   56.3600165\n",
      "   -17.89837282  -17.00109277   51.42177634   25.38753572  -46.08476806]\n",
      " [  36.80043871  -42.90018891  -37.35687513  -35.38637862  -31.93690624\n",
      "     9.9433504     8.39180334  -29.87699519  -16.17217359   27.17143189]\n",
      " [ -47.60431381   59.07945396   50.99978409   47.27860779   43.66066176\n",
      "   -13.8050088   -10.89119395   41.38096156   21.36387555  -34.56341125]\n",
      " [-123.52543579  143.89710737  125.38728625  120.21165181  110.98035607\n",
      "   -34.8915794   -30.65310088  102.75265516   51.63484928  -89.24485939]\n",
      " [  39.15322064  -43.38476871  -39.80928647  -38.73058029  -33.98464272\n",
      "    10.05106222    9.59904759  -30.46552479  -16.76498921   27.99547543]]\n",
      "C_S2:[[ -23.18871958   26.88220245   25.19876825   23.67745484   19.91756\n",
      "    -6.75413252   -5.50033183   19.13892864   10.90229801  -16.79007062]\n",
      " [ -30.39730935   36.06045973   30.60215679   29.47055022   27.7182566\n",
      "    -8.56391346   -7.22322046   26.8545872    11.69064912  -20.97911325]\n",
      " [ -75.95636249   89.06722403   77.80577317   74.64528779   69.61149357\n",
      "   -21.09376254  -18.29143492   63.60111673   31.19584757  -56.23038831]\n",
      " [ -92.0473865   106.89364775   92.19651399   90.25947173   82.0253665\n",
      "   -26.06442757  -22.77145413   75.96842759   36.99778158  -66.03964067]\n",
      " [ 101.17072195 -118.04421671 -104.02404456  -98.65212503  -91.40072353\n",
      "    28.53988763   23.68250484  -83.84733702  -42.71367369   73.27441223]\n",
      " [ -65.19639094   72.25222249   64.14274812   62.46698971   56.3600165\n",
      "   -17.89837282  -17.00109277   51.42177634   25.38753572  -46.08476806]\n",
      " [  36.80043871  -42.90018891  -37.35687513  -35.38637862  -31.93690625\n",
      "     9.9433504     8.39180334  -29.87699519  -16.17217359   27.17143189]\n",
      " [ -47.60431381   59.07945396   50.9997841    47.27860779   43.66066176\n",
      "   -13.8050088   -10.89119395   41.38096156   21.36387555  -34.56341125]\n",
      " [-123.52543579  143.89710737  125.38728625  120.21165182  110.98035607\n",
      "   -34.8915794   -30.65310088  102.75265517   51.63484928  -89.24485939]\n",
      " [  39.15322064  -43.38476871  -39.80928647  -38.73058029  -33.98464272\n",
      "    10.05106222    9.59904759  -30.46552479  -16.76498921   27.99547543]]\n",
      "Finished 'next_direction' in 0.013 secs\n",
      "Finished 'next_factor' in 0.0 secs\n",
      "Finished 'get_alives' in 0.0 secs\n",
      "Finished 'next_direction' in 0.0 secs\n",
      "Finished 'next_factor' in 0.0 secs\n",
      "Finished 'get_alives' in 0.0 secs\n",
      "Finished 'next_direction' in 0.0 secs\n",
      "Finished 'next_factor' in 0.0 secs\n",
      "Finished 'get_alives' in 0.0 secs\n",
      "Finished 'choose_pivot' in 0.0 secs\n",
      "Finished 'next_direction' in 0.0 secs\n",
      "Finished 'next_factor' in 0.0 secs\n",
      "Finished 'get_alives' in 0.0 secs\n",
      "Finished 'next_direction' in 0.0 secs\n",
      "Finished 'next_factor' in 0.0 secs\n",
      "Finished 'get_alives' in 0.0 secs\n",
      "Finished 'next_direction' in 0.0 secs\n",
      "Finished 'next_factor' in 0.0 secs\n",
      "Finished 'get_alives' in 0.0 secs\n",
      "Finished 'next_direction' in 0.0 secs\n",
      "Finished 'next_factor' in 0.0 secs\n",
      "Finished 'get_alives' in 0.0 secs\n",
      "Finished 'next_direction' in 0.0 secs\n",
      "Finished 'next_factor' in 0.0 secs\n",
      "Finished 'get_alives' in 0.0 secs\n",
      "Finished 'choose_pivot' in 0.0 secs\n",
      "Finished 'next_direction' in 0.0 secs\n",
      "Finished 'next_factor' in 0.0 secs\n",
      "Finished 'get_alives' in 0.0 secs\n",
      "Finished 'choose_pivot' in 0.0 secs\n",
      "Finished 'next_direction' in 0.003 secs\n",
      "Finished 'next_factor' in 0.0 secs\n",
      "Finished 'get_alives' in 0.0 secs\n",
      "Finished 'choose_pivot' in 0.0 secs\n",
      "Finished 'next_direction' in 0.0 secs\n",
      "Finished 'next_factor' in 0.0 secs\n",
      "Finished 'get_alives' in 0.0 secs\n",
      "Finished 'choose_pivot' in 0.0 secs\n",
      "Finished 'gram_schmidt_walk' in 0.041 secs\n",
      "Finished 'orthonormal_basis' in 0.0 secs\n",
      "Finished 'get_alives' in 0.0 secs\n",
      "Finished 'choose_pivot' in 0.0 secs\n",
      "A_S:[[ 0.26837605 -0.27522415  0.37818987  0.04366443  0.31767446 -0.15958215\n",
      "   0.33551708  0.14515184  0.15065338  0.05698162]\n",
      " [-0.37862561 -0.21984484 -0.05198008  0.19076252  0.15779464  0.12766511\n",
      "  -0.07433408  0.49017521 -0.14697613 -0.04029713]\n",
      " [ 0.23826092  0.05714396  0.29892141 -0.40288981 -0.02315781  0.54725406\n",
      "   0.17161454  0.37477997 -0.29361802  0.1573372 ]\n",
      " [ 0.1964139  -0.03227945  0.01047533  0.4648679   0.11518111 -0.37955068\n",
      "   0.16256154 -0.15101995 -0.07063889 -0.28443652]\n",
      " [-0.42490813 -0.19784543 -0.10645124 -0.03911669 -0.28536898 -0.22995775\n",
      "   0.44241625 -0.0672495   0.19374937 -0.23559274]\n",
      " [-0.43543954  0.45760455  0.35212075 -0.34651814  0.542661    0.07951995\n",
      "  -0.27199142  0.37181266 -0.04394522 -0.73489919]\n",
      " [ 0.04711348  0.21537202 -0.1493134   0.27971513 -0.59588401 -0.28801516\n",
      "  -0.31203769 -0.35346044 -0.45110584  0.06352677]\n",
      " [ 0.44592537  0.56728961  0.14630841 -0.20125028  0.22278054 -0.18144766\n",
      "  -0.22894123 -0.37896924  0.23187442  0.12339635]\n",
      " [-0.08030257 -0.11543054 -0.41139564 -0.0234415  -0.03440224 -0.51309301\n",
      "  -0.05626076 -0.27764209  0.56112923 -0.27024237]\n",
      " [-0.29001246  0.15072981 -0.46151176  0.05274962 -0.18842863 -0.03954444\n",
      "   0.34337027  0.20802528  0.04029895 -0.34767387]]\n",
