{
 "cells": [
  {
   "cell_type": "code",
   "execution_count": 1,
   "metadata": {},
   "outputs": [],
   "source": [
    "from gsw import *"
   ]
  },
  {
   "cell_type": "code",
   "execution_count": 2,
   "metadata": {},
   "outputs": [
    {
     "name": "stdout",
     "output_type": "stream",
     "text": [
      "Finished 'sample_from_ball' in 0.0 secs\n",
      "Finished 'orthonormal_basis' in 0.0 secs\n",
      "Finished 'get_alives' in 0.001 secs\n",
      "Finished 'choose_pivot' in 0.0 secs\n",
      "A_S:[[ 8.74588010e-02 -1.47715927e-01 -2.01818628e-01  3.39911383e-01\n",
      "  -1.61792373e-01 -2.30658587e-01 -5.67653413e-02  4.77285031e-01\n",
      "   9.13006434e-02  8.48518902e-02]\n",
      " [ 2.95071547e-02  5.85790069e-02  2.55534747e-02 -8.83432640e-02\n",
      "  -3.49821799e-01  3.33227763e-01  2.00085032e-01 -1.41675314e-01\n",
      "  -2.86435290e-02  7.34886326e-02]\n",
      " [-2.73937248e-01 -3.67994925e-02 -4.01538635e-01 -4.55181152e-01\n",
      "   8.03461616e-02  5.16513428e-02 -1.95498297e-01  4.40391120e-02\n",
      "   2.60019312e-01 -3.23247663e-01]\n",
      " [ 2.60071453e-01  4.18134117e-01  3.89689338e-01 -1.56095121e-01\n",
      "   2.17288887e-01  1.70223803e-01 -3.55959368e-01 -1.33493567e-01\n",
      "  -2.81715464e-01 -4.30658923e-01]\n",
      " [-2.29288019e-01 -6.28504323e-02 -1.37068424e-01 -1.12263335e-01\n",
      "   7.28112054e-01 -7.56178764e-02 -2.57255254e-01  6.66173867e-02\n",
      "   6.77252248e-02  2.30977469e-01]\n",
      " [-5.17811590e-01 -1.79570297e-01 -1.41095658e-01 -2.73200959e-01\n",
      "  -1.45007508e-01 -4.02129589e-01 -3.88577362e-01 -1.36919991e-01\n",
      "   3.86617783e-01  5.78555377e-02]\n",
      " [ 6.36638778e-03 -5.48704791e-02  2.81885330e-01  1.51001736e-01\n",
      "   2.44710302e-01  6.46446335e-01 -7.29747618e-02  4.79461054e-01\n",
      "  -2.92980160e-01  2.39116293e-01]\n",
      " [-3.96089177e-01 -2.33622389e-01  1.64851836e-01  9.68215392e-02\n",
      "   9.65955664e-02  1.33446451e-01  2.24057921e-01  2.20498582e-01\n",
      "  -6.07116041e-02 -3.87925152e-01]\n",
      " [ 1.91146649e-01 -6.80635724e-01 -3.08882022e-01 -1.18036367e-01\n",
      "  -3.14875038e-02 -3.66607117e-01 -5.13560265e-01  4.93950690e-01\n",
      "  -1.61456719e-01 -2.10692592e-01]\n",
      " [-2.57108902e-01  4.60359978e-01  5.03202308e-01  3.98827994e-01\n",
      "  -1.77203312e-01  1.41582605e-01  1.44180250e-01  6.50741366e-04\n",
      "  -4.81112400e-01  5.53118499e-01]]\n",
      "C_S:[[ -2.05706225  -4.63330327   0.5273441   -1.2746503   -2.9290924\n",
      "   -0.51522058   1.65614543  -1.8652138   -0.25469788  -0.59717942]\n",
      " [ -0.97971242  -4.46493232   2.32927724  -0.7534404   -2.46253557\n",
      "   -0.57104062   0.94683578  -1.43843369  -0.84953292   0.86444251]\n",
      " [ -6.46996858 -13.570069     1.94514371  -3.71345087  -8.28814191\n",
      "    0.73547962   4.97336944  -2.77526873  -1.08434269  -0.08440041]\n",
      " [ 10.94704906  21.16092066  -6.35881775   7.03067508  12.7208504\n",
      "    0.79915625  -6.87669144   5.49536486   0.68783536  -1.03963141]\n",
      " [ -0.41710741  -0.92257149  -0.11161274  -0.12707932   0.68400644\n",
      "   -0.45584754   0.07686959   0.09840869  -0.22277433  -0.26463547]\n",
      " [  4.87614532  11.32215192  -2.62036153   3.43082129   6.16657439\n",
      "    0.44765161  -2.42635833   2.46805418   0.24363407  -0.86168954]\n",
      " [ -6.14554864 -12.47843603   3.42618138  -4.74519303  -7.31021991\n",
      "   -1.37917035   3.40944057  -2.46477278  -0.83508427   0.5846352 ]\n",
      " [ -6.22685101 -15.95563662   4.84410576  -4.91206768  -9.4401612\n",
      "   -0.67016979   5.46737662  -3.66822496  -0.87775722   0.82315663]\n",
      " [ -0.8979756   -4.29144651   0.23707063  -1.09078089  -2.71155011\n",
      "    1.12521881   2.17383732  -1.1586268   -1.59261057  -1.34719656]\n",
      " [ -2.70168813  -5.00527188   1.06431029  -2.28156393  -2.74545404\n",
      "    0.06884619   2.05708259  -2.068663    -0.22110981   0.4478863 ]]\n",
      "C_S2:[[ -2.05706225  -4.63330327   0.5273441   -1.2746503   -2.9290924\n",
      "   -0.51522058   1.65614543  -1.8652138   -0.25469788  -0.59717942]\n",
      " [ -0.97971242  -4.46493232   2.32927724  -0.7534404   -2.46253557\n",
      "   -0.57104062   0.94683578  -1.43843369  -0.84953292   0.86444251]\n",
      " [ -6.46996858 -13.570069     1.94514371  -3.71345087  -8.28814191\n",
      "    0.73547962   4.97336944  -2.77526873  -1.08434269  -0.08440041]\n",
      " [ 10.94704906  21.16092066  -6.35881775   7.03067508  12.7208504\n",
      "    0.79915625  -6.87669144   5.49536486   0.68783536  -1.03963141]\n",
      " [ -0.41710741  -0.92257149  -0.11161274  -0.12707932   0.68400644\n",
      "   -0.45584754   0.07686959   0.09840869  -0.22277433  -0.26463547]\n",
      " [  4.87614532  11.32215192  -2.62036153   3.43082129   6.16657439\n",
      "    0.44765161  -2.42635833   2.46805418   0.24363407  -0.86168954]\n",
      " [ -6.14554864 -12.47843603   3.42618138  -4.74519303  -7.31021991\n",
      "   -1.37917035   3.40944057  -2.46477278  -0.83508427   0.5846352 ]\n",
      " [ -6.22685101 -15.95563662   4.84410576  -4.91206768  -9.4401612\n",
      "   -0.67016979   5.46737662  -3.66822496  -0.87775722   0.82315663]\n",
      " [ -0.8979756   -4.29144651   0.23707063  -1.09078089  -2.71155011\n",
      "    1.12521881   2.17383732  -1.1586268   -1.59261057  -1.34719656]\n",
      " [ -2.70168813  -5.00527188   1.06431029  -2.28156393  -2.74545404\n",
      "    0.06884619   2.05708259  -2.068663    -0.22110981   0.4478863 ]]\n",
      "Finished 'next_direction' in 0.012 secs\n",
      "Finished 'next_factor' in 0.0 secs\n",
      "Finished 'get_alives' in 0.0 secs\n",
      "Finished 'next_direction' in 0.0 secs\n",
      "Finished 'next_factor' in 0.0 secs\n",
      "Finished 'get_alives' in 0.0 secs\n",
      "Finished 'next_direction' in 0.0 secs\n",
      "Finished 'next_factor' in 0.0 secs\n",
      "Finished 'get_alives' in 0.0 secs\n",
      "Finished 'next_direction' in 0.0 secs\n",
      "Finished 'next_factor' in 0.0 secs\n",
      "Finished 'get_alives' in 0.0 secs\n",
      "Finished 'choose_pivot' in 0.0 secs\n",
      "Finished 'next_direction' in 0.0 secs\n",
      "Finished 'next_factor' in 0.0 secs\n",
      "Finished 'get_alives' in 0.0 secs\n",
      "Finished 'next_direction' in 0.0 secs\n",
      "Finished 'next_factor' in 0.0 secs\n",
      "Finished 'get_alives' in 0.0 secs\n",
      "Finished 'choose_pivot' in 0.0 secs\n",
      "Finished 'next_direction' in 0.0 secs\n",
      "Finished 'next_factor' in 0.0 secs\n",
      "Finished 'get_alives' in 0.0 secs\n",
      "Finished 'choose_pivot' in 0.0 secs\n",
      "Finished 'next_direction' in 0.0 secs\n",
      "Finished 'next_factor' in 0.0 secs\n",
      "Finished 'get_alives' in 0.0 secs\n",
      "Finished 'choose_pivot' in 0.0 secs\n",
      "Finished 'next_direction' in 0.0 secs\n",
      "Finished 'next_factor' in 0.0 secs\n",
      "Finished 'get_alives' in 0.0 secs\n",
      "Finished 'choose_pivot' in 0.0 secs\n",
      "Finished 'next_direction' in 0.0 secs\n",
      "Finished 'next_factor' in 0.0 secs\n",
      "Finished 'get_alives' in 0.0 secs\n",
      "Finished 'choose_pivot' in 0.0 secs\n",
      "Finished 'gram_schmidt_walk' in 0.031 secs\n",
      "Finished 'orthonormal_basis' in 0.0 secs\n",
      "Finished 'get_alives' in 0.0 secs\n",
      "Finished 'choose_pivot' in 0.0 secs\n",
      "A_S:[[ 8.74588010e-02 -1.47715927e-01 -2.01818628e-01  3.39911383e-01\n",
      "  -1.61792373e-01 -2.30658587e-01 -5.67653413e-02  4.77285031e-01\n",
      "   9.13006434e-02  8.48518902e-02]\n",
      " [ 2.95071547e-02  5.85790069e-02  2.55534747e-02 -8.83432640e-02\n",
      "  -3.49821799e-01  3.33227763e-01  2.00085032e-01 -1.41675314e-01\n",
      "  -2.86435290e-02  7.34886326e-02]\n",
      " [-2.73937248e-01 -3.67994925e-02 -4.01538635e-01 -4.55181152e-01\n",
      "   8.03461616e-02  5.16513428e-02 -1.95498297e-01  4.40391120e-02\n",
      "   2.60019312e-01 -3.23247663e-01]\n",
      " [ 2.60071453e-01  4.18134117e-01  3.89689338e-01 -1.56095121e-01\n",
      "   2.17288887e-01  1.70223803e-01 -3.55959368e-01 -1.33493567e-01\n",
      "  -2.81715464e-01 -4.30658923e-01]\n",
      " [-2.29288019e-01 -6.28504323e-02 -1.37068424e-01 -1.12263335e-01\n",
      "   7.28112054e-01 -7.56178764e-02 -2.57255254e-01  6.66173867e-02\n",
      "   6.77252248e-02  2.30977469e-01]\n",
      " [-5.17811590e-01 -1.79570297e-01 -1.41095658e-01 -2.73200959e-01\n",
      "  -1.45007508e-01 -4.02129589e-01 -3.88577362e-01 -1.36919991e-01\n",
      "   3.86617783e-01  5.78555377e-02]\n",
      " [ 6.36638778e-03 -5.48704791e-02  2.81885330e-01  1.51001736e-01\n",
      "   2.44710302e-01  6.46446335e-01 -7.29747618e-02  4.79461054e-01\n",
      "  -2.92980160e-01  2.39116293e-01]\n",
      " [-3.96089177e-01 -2.33622389e-01  1.64851836e-01  9.68215392e-02\n",
      "   9.65955664e-02  1.33446451e-01  2.24057921e-01  2.20498582e-01\n",
      "  -6.07116041e-02 -3.87925152e-01]\n",
      " [ 1.91146649e-01 -6.80635724e-01 -3.08882022e-01 -1.18036367e-01\n",
      "  -3.14875038e-02 -3.66607117e-01 -5.13560265e-01  4.93950690e-01\n",
      "  -1.61456719e-01 -2.10692592e-01]\n",
      " [-2.57108902e-01  4.60359978e-01  5.03202308e-01  3.98827994e-01\n",
      "  -1.77203312e-01  1.41582605e-01  1.44180250e-01  6.50741366e-04\n",
      "  -4.81112400e-01  5.53118499e-01]]\n",
      "C_S:[[ -2.05706225  -4.63330327   0.5273441   -1.2746503   -2.9290924\n",
      "   -0.51522058   1.65614543  -1.8652138   -0.25469788  -0.59717942]\n",
      " [ -0.97971242  -4.46493232   2.32927724  -0.7534404   -2.46253557\n",
      "   -0.57104062   0.94683578  -1.43843369  -0.84953292   0.86444251]\n",
      " [ -6.46996858 -13.570069     1.94514371  -3.71345087  -8.28814191\n",
      "    0.73547962   4.97336944  -2.77526873  -1.08434269  -0.08440041]\n",
      " [ 10.94704906  21.16092066  -6.35881775   7.03067508  12.7208504\n",
      "    0.79915625  -6.87669144   5.49536486   0.68783536  -1.03963141]\n",
      " [ -0.41710741  -0.92257149  -0.11161274  -0.12707932   0.68400644\n",
      "   -0.45584754   0.07686959   0.09840869  -0.22277433  -0.26463547]\n",
      " [  4.87614532  11.32215192  -2.62036153   3.43082129   6.16657439\n",
      "    0.44765161  -2.42635833   2.46805418   0.24363407  -0.86168954]\n",
      " [ -6.14554864 -12.47843603   3.42618138  -4.74519303  -7.31021991\n",
      "   -1.37917035   3.40944057  -2.46477278  -0.83508427   0.5846352 ]\n",
      " [ -6.22685101 -15.95563662   4.84410576  -4.91206768  -9.4401612\n",
      "   -0.67016979   5.46737662  -3.66822496  -0.87775722   0.82315663]\n",
      " [ -0.8979756   -4.29144651   0.23707063  -1.09078089  -2.71155011\n",
      "    1.12521881   2.17383732  -1.1586268   -1.59261057  -1.34719656]\n",
      " [ -2.70168813  -5.00527188   1.06431029  -2.28156393  -2.74545404\n",
      "    0.06884619   2.05708259  -2.068663    -0.22110981   0.4478863 ]]\n",
      "C_S2:[[ -2.05706225  -4.63330327   0.5273441   -1.2746503   -2.9290924\n",
      "   -0.51522058   1.65614543  -1.8652138   -0.25469788  -0.59717942]\n",
      " [ -0.97971242  -4.46493232   2.32927724  -0.7534404   -2.46253557\n",
      "   -0.57104062   0.94683578  -1.43843369  -0.84953292   0.86444251]\n",
      " [ -6.46996858 -13.570069     1.94514371  -3.71345087  -8.28814191\n",
      "    0.73547962   4.97336944  -2.77526873  -1.08434269  -0.08440041]\n",
      " [ 10.94704906  21.16092066  -6.35881775   7.03067508  12.7208504\n",
      "    0.79915625  -6.87669144   5.49536486   0.68783536  -1.03963141]\n",
      " [ -0.41710741  -0.92257149  -0.11161274  -0.12707932   0.68400644\n",
      "   -0.45584754   0.07686959   0.09840869  -0.22277433  -0.26463547]\n",
      " [  4.87614532  11.32215192  -2.62036153   3.43082129   6.16657439\n",
      "    0.44765161  -2.42635833   2.46805418   0.24363407  -0.86168954]\n",
      " [ -6.14554864 -12.47843603   3.42618138  -4.74519303  -7.31021991\n",
      "   -1.37917035   3.40944057  -2.46477278  -0.83508427   0.5846352 ]\n",
      " [ -6.22685101 -15.95563662   4.84410576  -4.91206768  -9.4401612\n",
      "   -0.67016979   5.46737662  -3.66822496  -0.87775722   0.82315663]\n",
      " [ -0.8979756   -4.29144651   0.23707063  -1.09078089  -2.71155011\n",
      "    1.12521881   2.17383732  -1.1586268   -1.59261057  -1.34719656]\n",
      " [ -2.70168813  -5.00527188   1.06431029  -2.28156393  -2.74545404\n",
      "    0.06884619   2.05708259  -2.068663    -0.22110981   0.4478863 ]]\n",
      "Finished 'next_direction' in 0.008 secs\n",
      "Finished 'next_factor' in 0.0 secs\n",
      "Finished 'get_alives' in 0.0 secs\n",
      "Finished 'next_direction' in 0.0 secs\n",
      "Finished 'next_factor' in 0.0 secs\n",
      "Finished 'get_alives' in 0.0 secs\n",
      "Finished 'choose_pivot' in 0.0 secs\n",
      "Finished 'next_direction' in 0.0 secs\n",
      "Finished 'next_factor' in 0.0 secs\n",
      "Finished 'get_alives' in 0.0 secs\n",
      "Finished 'choose_pivot' in 0.0 secs\n",
      "Finished 'next_direction' in 0.0 secs\n",
      "Finished 'next_factor' in 0.0 secs\n",
      "Finished 'get_alives' in 0.0 secs\n",
      "Finished 'choose_pivot' in 0.0 secs\n",
      "Finished 'next_direction' in 0.0 secs\n",
      "Finished 'next_factor' in 0.0 secs\n",
      "Finished 'get_alives' in 0.0 secs\n",
      "Finished 'choose_pivot' in 0.0 secs\n",
      "Finished 'next_direction' in 0.0 secs\n",
      "Finished 'next_factor' in 0.0 secs\n",
      "Finished 'get_alives' in 0.0 secs\n",
      "Finished 'choose_pivot' in 0.0 secs\n",
      "Finished 'next_direction' in 0.0 secs\n",
      "Finished 'next_factor' in 0.0 secs\n",
      "Finished 'get_alives' in 0.0 secs\n",
      "Finished 'next_direction' in 0.0 secs\n",
      "Finished 'next_factor' in 0.0 secs\n",
      "Finished 'get_alives' in 0.0 secs\n",
      "Finished 'choose_pivot' in 0.0 secs\n",
      "Finished 'next_direction' in 0.0 secs\n",
      "Finished 'next_factor' in 0.0 secs\n",
      "Finished 'get_alives' in 0.0 secs\n",
      "Finished 'choose_pivot' in 0.0 secs\n",
      "Finished 'next_direction' in 0.001 secs\n",
      "Finished 'next_factor' in 0.0 secs\n",
      "Finished 'get_alives' in 0.0 secs\n",
      "Finished 'choose_pivot' in 0.0 secs\n",
      "Finished 'gram_schmidt_walk' in 0.02 secs\n",
      "Finished 'orthonormal_basis' in 0.0 secs\n",
      "Finished 'get_alives' in 0.0 secs\n",
      "Finished 'choose_pivot' in 0.0 secs\n",
      "A_S:[[ 8.74588010e-02 -1.47715927e-01 -2.01818628e-01  3.39911383e-01\n",
      "  -1.61792373e-01 -2.30658587e-01 -5.67653413e-02  4.77285031e-01\n",
      "   9.13006434e-02  8.48518902e-02]\n",
      " [ 2.95071547e-02  5.85790069e-02  2.55534747e-02 -8.83432640e-02\n",
      "  -3.49821799e-01  3.33227763e-01  2.00085032e-01 -1.41675314e-01\n",
      "  -2.86435290e-02  7.34886326e-02]\n",
      " [-2.73937248e-01 -3.67994925e-02 -4.01538635e-01 -4.55181152e-01\n",
      "   8.03461616e-02  5.16513428e-02 -1.95498297e-01  4.40391120e-02\n",
      "   2.60019312e-01 -3.23247663e-01]\n",
      " [ 2.60071453e-01  4.18134117e-01  3.89689338e-01 -1.56095121e-01\n",
      "   2.17288887e-01  1.70223803e-01 -3.55959368e-01 -1.33493567e-01\n",
      "  -2.81715464e-01 -4.30658923e-01]\n",
      " [-2.29288019e-01 -6.28504323e-02 -1.37068424e-01 -1.12263335e-01\n",
      "   7.28112054e-01 -7.56178764e-02 -2.57255254e-01  6.66173867e-02\n",
      "   6.77252248e-02  2.30977469e-01]\n",
      " [-5.17811590e-01 -1.79570297e-01 -1.41095658e-01 -2.73200959e-01\n",
      "  -1.45007508e-01 -4.02129589e-01 -3.88577362e-01 -1.36919991e-01\n",
      "   3.86617783e-01  5.78555377e-02]\n",
      " [ 6.36638778e-03 -5.48704791e-02  2.81885330e-01  1.51001736e-01\n",
      "   2.44710302e-01  6.46446335e-01 -7.29747618e-02  4.79461054e-01\n",
      "  -2.92980160e-01  2.39116293e-01]\n",
      " [-3.96089177e-01 -2.33622389e-01  1.64851836e-01  9.68215392e-02\n",
      "   9.65955664e-02  1.33446451e-01  2.24057921e-01  2.20498582e-01\n",
      "  -6.07116041e-02 -3.87925152e-01]\n",
      " [ 1.91146649e-01 -6.80635724e-01 -3.08882022e-01 -1.18036367e-01\n",
      "  -3.14875038e-02 -3.66607117e-01 -5.13560265e-01  4.93950690e-01\n",
      "  -1.61456719e-01 -2.10692592e-01]\n",
      " [-2.57108902e-01  4.60359978e-01  5.03202308e-01  3.98827994e-01\n",
      "  -1.77203312e-01  1.41582605e-01  1.44180250e-01  6.50741366e-04\n",
      "  -4.81112400e-01  5.53118499e-01]]\n",
      "C_S:[[ -2.05706225  -4.63330327   0.5273441   -1.2746503   -2.9290924\n",
      "   -0.51522058   1.65614543  -1.8652138   -0.25469788  -0.59717942]\n",
      " [ -0.97971242  -4.46493232   2.32927724  -0.7534404   -2.46253557\n",
      "   -0.57104062   0.94683578  -1.43843369  -0.84953292   0.86444251]\n",
      " [ -6.46996858 -13.570069     1.94514371  -3.71345087  -8.28814191\n",
      "    0.73547962   4.97336944  -2.77526873  -1.08434269  -0.08440041]\n",
      " [ 10.94704906  21.16092066  -6.35881775   7.03067508  12.7208504\n",
      "    0.79915625  -6.87669144   5.49536486   0.68783536  -1.03963141]\n",
      " [ -0.41710741  -0.92257149  -0.11161274  -0.12707932   0.68400644\n",
      "   -0.45584754   0.07686959   0.09840869  -0.22277433  -0.26463547]\n",
      " [  4.87614532  11.32215192  -2.62036153   3.43082129   6.16657439\n",
      "    0.44765161  -2.42635833   2.46805418   0.24363407  -0.86168954]\n",
      " [ -6.14554864 -12.47843603   3.42618138  -4.74519303  -7.31021991\n",
      "   -1.37917035   3.40944057  -2.46477278  -0.83508427   0.5846352 ]\n",
      " [ -6.22685101 -15.95563662   4.84410576  -4.91206768  -9.4401612\n",
      "   -0.67016979   5.46737662  -3.66822496  -0.87775722   0.82315663]\n",
      " [ -0.8979756   -4.29144651   0.23707063  -1.09078089  -2.71155011\n",
      "    1.12521881   2.17383732  -1.1586268   -1.59261057  -1.34719656]\n",
      " [ -2.70168813  -5.00527188   1.06431029  -2.28156393  -2.74545404\n",
      "    0.06884619   2.05708259  -2.068663    -0.22110981   0.4478863 ]]\n",
      "C_S2:[[ -2.05706225  -4.63330327   0.5273441   -1.2746503   -2.9290924\n",
      "   -0.51522058   1.65614543  -1.8652138   -0.25469788  -0.59717942]\n",
      " [ -0.97971242  -4.46493232   2.32927724  -0.7534404   -2.46253557\n",
      "   -0.57104062   0.94683578  -1.43843369  -0.84953292   0.86444251]\n",
      " [ -6.46996858 -13.570069     1.94514371  -3.71345087  -8.28814191\n",
      "    0.73547962   4.97336944  -2.77526873  -1.08434269  -0.08440041]\n",
      " [ 10.94704906  21.16092066  -6.35881775   7.03067508  12.7208504\n",
      "    0.79915625  -6.87669144   5.49536486   0.68783536  -1.03963141]\n",
      " [ -0.41710741  -0.92257149  -0.11161274  -0.12707932   0.68400644\n",
      "   -0.45584754   0.07686959   0.09840869  -0.22277433  -0.26463547]\n",
      " [  4.87614532  11.32215192  -2.62036153   3.43082129   6.16657439\n",
      "    0.44765161  -2.42635833   2.46805418   0.24363407  -0.86168954]\n",
      " [ -6.14554864 -12.47843603   3.42618138  -4.74519303  -7.31021991\n",
      "   -1.37917035   3.40944057  -2.46477278  -0.83508427   0.5846352 ]\n",
      " [ -6.22685101 -15.95563662   4.84410576  -4.91206768  -9.4401612\n",
      "   -0.67016979   5.46737662  -3.66822496  -0.87775722   0.82315663]\n",
      " [ -0.8979756   -4.29144651   0.23707063  -1.09078089  -2.71155011\n",
      "    1.12521881   2.17383732  -1.1586268   -1.59261057  -1.34719656]\n",
      " [ -2.70168813  -5.00527188   1.06431029  -2.28156393  -2.74545404\n",
      "    0.06884619   2.05708259  -2.068663    -0.22110981   0.4478863 ]]\n",
      "Finished 'next_direction' in 0.008 secs\n",
      "Finished 'next_factor' in 0.0 secs\n",
      "Finished 'get_alives' in 0.0 secs\n",
      "Finished 'choose_pivot' in 0.0 secs\n",
      "Finished 'next_direction' in 0.0 secs\n",
      "Finished 'next_factor' in 0.0 secs\n",
      "Finished 'get_alives' in 0.0 secs\n",
      "Finished 'choose_pivot' in 0.0 secs\n",
      "Finished 'next_direction' in 0.0 secs\n",
      "Finished 'next_factor' in 0.0 secs\n",
      "Finished 'get_alives' in 0.0 secs\n",
      "Finished 'next_direction' in 0.0 secs\n",
      "Finished 'next_factor' in 0.0 secs\n",
      "Finished 'get_alives' in 0.0 secs\n",
      "Finished 'choose_pivot' in 0.0 secs\n",
      "Finished 'next_direction' in 0.0 secs\n",
      "Finished 'next_factor' in 0.0 secs\n",
      "Finished 'get_alives' in 0.0 secs\n",
      "Finished 'next_direction' in 0.0 secs\n",
      "Finished 'next_factor' in 0.0 secs\n",
      "Finished 'get_alives' in 0.0 secs\n",
      "Finished 'choose_pivot' in 0.0 secs\n",
      "Finished 'next_direction' in 0.0 secs\n",
      "Finished 'next_factor' in 0.0 secs\n",
      "Finished 'get_alives' in 0.0 secs\n",
      "Finished 'choose_pivot' in 0.0 secs\n",
      "Finished 'next_direction' in 0.0 secs\n",
      "Finished 'next_factor' in 0.0 secs\n",
      "Finished 'get_alives' in 0.0 secs\n",
      "Finished 'choose_pivot' in 0.0 secs\n",
      "Finished 'next_direction' in 0.0 secs\n",
      "Finished 'next_factor' in 0.0 secs\n",
      "Finished 'get_alives' in 0.0 secs\n",
      "Finished 'choose_pivot' in 0.0 secs\n",
      "Finished 'next_direction' in 0.0 secs\n",
      "Finished 'next_factor' in 0.0 secs\n",
      "Finished 'get_alives' in 0.0 secs\n",
      "Finished 'choose_pivot' in 0.0 secs\n",
      "Finished 'gram_schmidt_walk' in 0.02 secs\n",
      "Finished 'orthonormal_basis' in 0.0 secs\n",
      "Finished 'get_alives' in 0.0 secs\n",
      "Finished 'choose_pivot' in 0.0 secs\n",
      "A_S:[[ 8.74588010e-02 -1.47715927e-01 -2.01818628e-01  3.39911383e-01\n",
      "  -1.61792373e-01 -2.30658587e-01 -5.67653413e-02  4.77285031e-01\n",
      "   9.13006434e-02  8.48518902e-02]\n",
      " [ 2.95071547e-02  5.85790069e-02  2.55534747e-02 -8.83432640e-02\n",
      "  -3.49821799e-01  3.33227763e-01  2.00085032e-01 -1.41675314e-01\n",
      "  -2.86435290e-02  7.34886326e-02]\n",
      " [-2.73937248e-01 -3.67994925e-02 -4.01538635e-01 -4.55181152e-01\n",
      "   8.03461616e-02  5.16513428e-02 -1.95498297e-01  4.40391120e-02\n",
      "   2.60019312e-01 -3.23247663e-01]\n",
      " [ 2.60071453e-01  4.18134117e-01  3.89689338e-01 -1.56095121e-01\n",
      "   2.17288887e-01  1.70223803e-01 -3.55959368e-01 -1.33493567e-01\n",
      "  -2.81715464e-01 -4.30658923e-01]\n",
      " [-2.29288019e-01 -6.28504323e-02 -1.37068424e-01 -1.12263335e-01\n",
      "   7.28112054e-01 -7.56178764e-02 -2.57255254e-01  6.66173867e-02\n",
      "   6.77252248e-02  2.30977469e-01]\n",
      " [-5.17811590e-01 -1.79570297e-01 -1.41095658e-01 -2.73200959e-01\n",
      "  -1.45007508e-01 -4.02129589e-01 -3.88577362e-01 -1.36919991e-01\n",
      "   3.86617783e-01  5.78555377e-02]\n",
      " [ 6.36638778e-03 -5.48704791e-02  2.81885330e-01  1.51001736e-01\n",
      "   2.44710302e-01  6.46446335e-01 -7.29747618e-02  4.79461054e-01\n",
      "  -2.92980160e-01  2.39116293e-01]\n",
      " [-3.96089177e-01 -2.33622389e-01  1.64851836e-01  9.68215392e-02\n",
      "   9.65955664e-02  1.33446451e-01  2.24057921e-01  2.20498582e-01\n",
      "  -6.07116041e-02 -3.87925152e-01]\n",
      " [ 1.91146649e-01 -6.80635724e-01 -3.08882022e-01 -1.18036367e-01\n",
      "  -3.14875038e-02 -3.66607117e-01 -5.13560265e-01  4.93950690e-01\n",
      "  -1.61456719e-01 -2.10692592e-01]\n",
      " [-2.57108902e-01  4.60359978e-01  5.03202308e-01  3.98827994e-01\n",
      "  -1.77203312e-01  1.41582605e-01  1.44180250e-01  6.50741366e-04\n",
      "  -4.81112400e-01  5.53118499e-01]]\n",
      "C_S:[[ -2.05706225  -4.63330327   0.5273441   -1.2746503   -2.9290924\n",
      "   -0.51522058   1.65614543  -1.8652138   -0.25469788  -0.59717942]\n",
      " [ -0.97971242  -4.46493232   2.32927724  -0.7534404   -2.46253557\n",
      "   -0.57104062   0.94683578  -1.43843369  -0.84953292   0.86444251]\n",
      " [ -6.46996858 -13.570069     1.94514371  -3.71345087  -8.28814191\n",
      "    0.73547962   4.97336944  -2.77526873  -1.08434269  -0.08440041]\n",
      " [ 10.94704906  21.16092066  -6.35881775   7.03067508  12.7208504\n",
      "    0.79915625  -6.87669144   5.49536486   0.68783536  -1.03963141]\n",
      " [ -0.41710741  -0.92257149  -0.11161274  -0.12707932   0.68400644\n",
      "   -0.45584754   0.07686959   0.09840869  -0.22277433  -0.26463547]\n",
      " [  4.87614532  11.32215192  -2.62036153   3.43082129   6.16657439\n",
      "    0.44765161  -2.42635833   2.46805418   0.24363407  -0.86168954]\n",
      " [ -6.14554864 -12.47843603   3.42618138  -4.74519303  -7.31021991\n",
      "   -1.37917035   3.40944057  -2.46477278  -0.83508427   0.5846352 ]\n",
      " [ -6.22685101 -15.95563662   4.84410576  -4.91206768  -9.4401612\n",
      "   -0.67016979   5.46737662  -3.66822496  -0.87775722   0.82315663]\n",
      " [ -0.8979756   -4.29144651   0.23707063  -1.09078089  -2.71155011\n",
      "    1.12521881   2.17383732  -1.1586268   -1.59261057  -1.34719656]\n",
      " [ -2.70168813  -5.00527188   1.06431029  -2.28156393  -2.74545404\n",
      "    0.06884619   2.05708259  -2.068663    -0.22110981   0.4478863 ]]\n",
      "C_S2:[[ -2.05706225  -4.63330327   0.5273441   -1.2746503   -2.9290924\n",
      "   -0.51522058   1.65614543  -1.8652138   -0.25469788  -0.59717942]\n",
      " [ -0.97971242  -4.46493232   2.32927724  -0.7534404   -2.46253557\n",
      "   -0.57104062   0.94683578  -1.43843369  -0.84953292   0.86444251]\n",
      " [ -6.46996858 -13.570069     1.94514371  -3.71345087  -8.28814191\n",
      "    0.73547962   4.97336944  -2.77526873  -1.08434269  -0.08440041]\n",
      " [ 10.94704906  21.16092066  -6.35881775   7.03067508  12.7208504\n",
      "    0.79915625  -6.87669144   5.49536486   0.68783536  -1.03963141]\n",
      " [ -0.41710741  -0.92257149  -0.11161274  -0.12707932   0.68400644\n",
      "   -0.45584754   0.07686959   0.09840869  -0.22277433  -0.26463547]\n",
      " [  4.87614532  11.32215192  -2.62036153   3.43082129   6.16657439\n",
      "    0.44765161  -2.42635833   2.46805418   0.24363407  -0.86168954]\n",
      " [ -6.14554864 -12.47843603   3.42618138  -4.74519303  -7.31021991\n",
      "   -1.37917035   3.40944057  -2.46477278  -0.83508427   0.5846352 ]\n",
      " [ -6.22685101 -15.95563662   4.84410576  -4.91206768  -9.4401612\n",
      "   -0.67016979   5.46737662  -3.66822496  -0.87775722   0.82315663]\n",
      " [ -0.8979756   -4.29144651   0.23707063  -1.09078089  -2.71155011\n",
      "    1.12521881   2.17383732  -1.1586268   -1.59261057  -1.34719656]\n",
      " [ -2.70168813  -5.00527188   1.06431029  -2.28156393  -2.74545404\n",
      "    0.06884619   2.05708259  -2.068663    -0.22110981   0.4478863 ]]\n",
      "Finished 'next_direction' in 0.006 secs\n",
      "Finished 'next_factor' in 0.0 secs\n",
      "Finished 'get_alives' in 0.0 secs\n",
      "Finished 'next_direction' in 0.0 secs\n",
      "Finished 'next_factor' in 0.0 secs\n",
      "Finished 'get_alives' in 0.0 secs\n",
      "Finished 'choose_pivot' in 0.0 secs\n",
      "Finished 'next_direction' in 0.0 secs\n",
      "Finished 'next_factor' in 0.0 secs\n",
      "Finished 'get_alives' in 0.0 secs\n",
      "Finished 'next_direction' in 0.0 secs\n",
      "Finished 'next_factor' in 0.0 secs\n",
      "Finished 'get_alives' in 0.0 secs\n",
      "Finished 'choose_pivot' in 0.0 secs\n",
      "Finished 'next_direction' in 0.0 secs\n",
      "Finished 'next_factor' in 0.0 secs\n",
      "Finished 'get_alives' in 0.0 secs\n",
      "Finished 'choose_pivot' in 0.0 secs\n",
      "Finished 'next_direction' in 0.0 secs\n",
      "Finished 'next_factor' in 0.0 secs\n",
      "Finished 'get_alives' in 0.0 secs\n",
      "Finished 'next_direction' in 0.0 secs\n",
      "Finished 'next_factor' in 0.0 secs\n",
      "Finished 'get_alives' in 0.0 secs\n",
      "Finished 'choose_pivot' in 0.0 secs\n",
      "Finished 'next_direction' in 0.0 secs\n",
      "Finished 'next_factor' in 0.0 secs\n",
      "Finished 'get_alives' in 0.0 secs\n",
      "Finished 'choose_pivot' in 0.0 secs\n",
      "Finished 'next_direction' in 0.0 secs\n",
      "Finished 'next_factor' in 0.0 secs\n",
      "Finished 'get_alives' in 0.0 secs\n",
      "Finished 'choose_pivot' in 0.0 secs\n",
      "Finished 'next_direction' in 0.0 secs\n",
      "Finished 'next_factor' in 0.0 secs\n",
      "Finished 'get_alives' in 0.0 secs\n",
      "Finished 'choose_pivot' in 0.0 secs\n",
      "Finished 'gram_schmidt_walk' in 0.013 secs\n",
      "Finished 'orthonormal_basis' in 0.0 secs\n",
      "Finished 'get_alives' in 0.0 secs\n",
      "Finished 'choose_pivot' in 0.0 secs\n",
      "A_S:[[ 8.74588010e-02 -1.47715927e-01 -2.01818628e-01  3.39911383e-01\n",
      "  -1.61792373e-01 -2.30658587e-01 -5.67653413e-02  4.77285031e-01\n",
      "   9.13006434e-02  8.48518902e-02]\n",
      " [ 2.95071547e-02  5.85790069e-02  2.55534747e-02 -8.83432640e-02\n",
      "  -3.49821799e-01  3.33227763e-01  2.00085032e-01 -1.41675314e-01\n",
      "  -2.86435290e-02  7.34886326e-02]\n",
      " [-2.73937248e-01 -3.67994925e-02 -4.01538635e-01 -4.55181152e-01\n",
      "   8.03461616e-02  5.16513428e-02 -1.95498297e-01  4.40391120e-02\n",
      "   2.60019312e-01 -3.23247663e-01]\n",
      " [ 2.60071453e-01  4.18134117e-01  3.89689338e-01 -1.56095121e-01\n",
      "   2.17288887e-01  1.70223803e-01 -3.55959368e-01 -1.33493567e-01\n",
      "  -2.81715464e-01 -4.30658923e-01]\n",
      " [-2.29288019e-01 -6.28504323e-02 -1.37068424e-01 -1.12263335e-01\n",
      "   7.28112054e-01 -7.56178764e-02 -2.57255254e-01  6.66173867e-02\n",
      "   6.77252248e-02  2.30977469e-01]\n",
      " [-5.17811590e-01 -1.79570297e-01 -1.41095658e-01 -2.73200959e-01\n",
      "  -1.45007508e-01 -4.02129589e-01 -3.88577362e-01 -1.36919991e-01\n",
      "   3.86617783e-01  5.78555377e-02]\n",
      " [ 6.36638778e-03 -5.48704791e-02  2.81885330e-01  1.51001736e-01\n",
      "   2.44710302e-01  6.46446335e-01 -7.29747618e-02  4.79461054e-01\n",
      "  -2.92980160e-01  2.39116293e-01]\n",
      " [-3.96089177e-01 -2.33622389e-01  1.64851836e-01  9.68215392e-02\n",
      "   9.65955664e-02  1.33446451e-01  2.24057921e-01  2.20498582e-01\n",
      "  -6.07116041e-02 -3.87925152e-01]\n",
      " [ 1.91146649e-01 -6.80635724e-01 -3.08882022e-01 -1.18036367e-01\n",
      "  -3.14875038e-02 -3.66607117e-01 -5.13560265e-01  4.93950690e-01\n",
      "  -1.61456719e-01 -2.10692592e-01]\n",
      " [-2.57108902e-01  4.60359978e-01  5.03202308e-01  3.98827994e-01\n",
      "  -1.77203312e-01  1.41582605e-01  1.44180250e-01  6.50741366e-04\n",
      "  -4.81112400e-01  5.53118499e-01]]\n",
      "C_S:[[ -2.05706225  -4.63330327   0.5273441   -1.2746503   -2.9290924\n",
      "   -0.51522058   1.65614543  -1.8652138   -0.25469788  -0.59717942]\n",
      " [ -0.97971242  -4.46493232   2.32927724  -0.7534404   -2.46253557\n",
      "   -0.57104062   0.94683578  -1.43843369  -0.84953292   0.86444251]\n",
      " [ -6.46996858 -13.570069     1.94514371  -3.71345087  -8.28814191\n",
      "    0.73547962   4.97336944  -2.77526873  -1.08434269  -0.08440041]\n",
      " [ 10.94704906  21.16092066  -6.35881775   7.03067508  12.7208504\n",
      "    0.79915625  -6.87669144   5.49536486   0.68783536  -1.03963141]\n",
      " [ -0.41710741  -0.92257149  -0.11161274  -0.12707932   0.68400644\n",
      "   -0.45584754   0.07686959   0.09840869  -0.22277433  -0.26463547]\n",
      " [  4.87614532  11.32215192  -2.62036153   3.43082129   6.16657439\n",
      "    0.44765161  -2.42635833   2.46805418   0.24363407  -0.86168954]\n",
      " [ -6.14554864 -12.47843603   3.42618138  -4.74519303  -7.31021991\n",
      "   -1.37917035   3.40944057  -2.46477278  -0.83508427   0.5846352 ]\n",
      " [ -6.22685101 -15.95563662   4.84410576  -4.91206768  -9.4401612\n",
      "   -0.67016979   5.46737662  -3.66822496  -0.87775722   0.82315663]\n",
      " [ -0.8979756   -4.29144651   0.23707063  -1.09078089  -2.71155011\n",
      "    1.12521881   2.17383732  -1.1586268   -1.59261057  -1.34719656]\n",
      " [ -2.70168813  -5.00527188   1.06431029  -2.28156393  -2.74545404\n",
      "    0.06884619   2.05708259  -2.068663    -0.22110981   0.4478863 ]]\n",
      "C_S2:[[ -2.05706225  -4.63330327   0.5273441   -1.2746503   -2.9290924\n",
      "   -0.51522058   1.65614543  -1.8652138   -0.25469788  -0.59717942]\n",
      " [ -0.97971242  -4.46493232   2.32927724  -0.7534404   -2.46253557\n",
      "   -0.57104062   0.94683578  -1.43843369  -0.84953292   0.86444251]\n",
      " [ -6.46996858 -13.570069     1.94514371  -3.71345087  -8.28814191\n",
      "    0.73547962   4.97336944  -2.77526873  -1.08434269  -0.08440041]\n",
      " [ 10.94704906  21.16092066  -6.35881775   7.03067508  12.7208504\n",
      "    0.79915625  -6.87669144   5.49536486   0.68783536  -1.03963141]\n",
      " [ -0.41710741  -0.92257149  -0.11161274  -0.12707932   0.68400644\n",
      "   -0.45584754   0.07686959   0.09840869  -0.22277433  -0.26463547]\n",
      " [  4.87614532  11.32215192  -2.62036153   3.43082129   6.16657439\n",
      "    0.44765161  -2.42635833   2.46805418   0.24363407  -0.86168954]\n",
      " [ -6.14554864 -12.47843603   3.42618138  -4.74519303  -7.31021991\n",
      "   -1.37917035   3.40944057  -2.46477278  -0.83508427   0.5846352 ]\n",
      " [ -6.22685101 -15.95563662   4.84410576  -4.91206768  -9.4401612\n",
      "   -0.67016979   5.46737662  -3.66822496  -0.87775722   0.82315663]\n",
      " [ -0.8979756   -4.29144651   0.23707063  -1.09078089  -2.71155011\n",
      "    1.12521881   2.17383732  -1.1586268   -1.59261057  -1.34719656]\n",
      " [ -2.70168813  -5.00527188   1.06431029  -2.28156393  -2.74545404\n",
      "    0.06884619   2.05708259  -2.068663    -0.22110981   0.4478863 ]]\n",
      "Finished 'next_direction' in 0.007 secs\n",
      "Finished 'next_factor' in 0.0 secs\n",
      "Finished 'get_alives' in 0.0 secs\n",
      "Finished 'next_direction' in 0.0 secs\n",
      "Finished 'next_factor' in 0.0 secs\n",
      "Finished 'get_alives' in 0.0 secs\n",
      "Finished 'choose_pivot' in 0.0 secs\n",
      "Finished 'next_direction' in 0.0 secs\n",
      "Finished 'next_factor' in 0.0 secs\n",
      "Finished 'get_alives' in 0.0 secs\n",
      "Finished 'choose_pivot' in 0.0 secs\n",
      "Finished 'next_direction' in 0.0 secs\n",
      "Finished 'next_factor' in 0.0 secs\n",
      "Finished 'get_alives' in 0.0 secs\n",
      "Finished 'choose_pivot' in 0.0 secs\n",
      "Finished 'next_direction' in 0.001 secs\n",
      "Finished 'next_factor' in 0.0 secs\n",
      "Finished 'get_alives' in 0.001 secs\n",
      "Finished 'next_direction' in 0.0 secs\n",
      "Finished 'next_factor' in 0.0 secs\n",
      "Finished 'get_alives' in 0.0 secs\n",
      "Finished 'choose_pivot' in 0.0 secs\n",
      "Finished 'next_direction' in 0.0 secs\n",
      "Finished 'next_factor' in 0.0 secs\n",
      "Finished 'get_alives' in 0.0 secs\n",
      "Finished 'choose_pivot' in 0.0 secs\n",
      "Finished 'next_direction' in 0.0 secs\n",
      "Finished 'next_factor' in 0.0 secs\n",
      "Finished 'get_alives' in 0.0 secs\n",
      "Finished 'choose_pivot' in 0.0 secs\n",
      "Finished 'next_direction' in 0.0 secs\n",
      "Finished 'next_factor' in 0.0 secs\n",
      "Finished 'get_alives' in 0.0 secs\n",
      "Finished 'choose_pivot' in 0.0 secs\n",
      "Finished 'next_direction' in 0.0 secs\n",
      "Finished 'next_factor' in 0.0 secs\n",
      "Finished 'get_alives' in 0.0 secs\n",
      "Finished 'choose_pivot' in 0.0 secs\n",
      "Finished 'gram_schmidt_walk' in 0.026 secs\n",
      "Finished 'orthonormal_basis' in 0.0 secs\n",
      "Finished 'get_alives' in 0.0 secs\n",
      "Finished 'choose_pivot' in 0.0 secs\n",
      "A_S:[[ 8.74588010e-02 -1.47715927e-01 -2.01818628e-01  3.39911383e-01\n",
      "  -1.61792373e-01 -2.30658587e-01 -5.67653413e-02  4.77285031e-01\n",
      "   9.13006434e-02  8.48518902e-02]\n",
      " [ 2.95071547e-02  5.85790069e-02  2.55534747e-02 -8.83432640e-02\n",
      "  -3.49821799e-01  3.33227763e-01  2.00085032e-01 -1.41675314e-01\n",
      "  -2.86435290e-02  7.34886326e-02]\n",
      " [-2.73937248e-01 -3.67994925e-02 -4.01538635e-01 -4.55181152e-01\n",
      "   8.03461616e-02  5.16513428e-02 -1.95498297e-01  4.40391120e-02\n",
      "   2.60019312e-01 -3.23247663e-01]\n",
      " [ 2.60071453e-01  4.18134117e-01  3.89689338e-01 -1.56095121e-01\n",
      "   2.17288887e-01  1.70223803e-01 -3.55959368e-01 -1.33493567e-01\n",
      "  -2.81715464e-01 -4.30658923e-01]\n",
      " [-2.29288019e-01 -6.28504323e-02 -1.37068424e-01 -1.12263335e-01\n",
      "   7.28112054e-01 -7.56178764e-02 -2.57255254e-01  6.66173867e-02\n",
      "   6.77252248e-02  2.30977469e-01]\n",
      " [-5.17811590e-01 -1.79570297e-01 -1.41095658e-01 -2.73200959e-01\n",
      "  -1.45007508e-01 -4.02129589e-01 -3.88577362e-01 -1.36919991e-01\n",
      "   3.86617783e-01  5.78555377e-02]\n",
      " [ 6.36638778e-03 -5.48704791e-02  2.81885330e-01  1.51001736e-01\n",
      "   2.44710302e-01  6.46446335e-01 -7.29747618e-02  4.79461054e-01\n",
      "  -2.92980160e-01  2.39116293e-01]\n",
      " [-3.96089177e-01 -2.33622389e-01  1.64851836e-01  9.68215392e-02\n",
      "   9.65955664e-02  1.33446451e-01  2.24057921e-01  2.20498582e-01\n",
      "  -6.07116041e-02 -3.87925152e-01]\n",
      " [ 1.91146649e-01 -6.80635724e-01 -3.08882022e-01 -1.18036367e-01\n",
      "  -3.14875038e-02 -3.66607117e-01 -5.13560265e-01  4.93950690e-01\n",
      "  -1.61456719e-01 -2.10692592e-01]\n",
      " [-2.57108902e-01  4.60359978e-01  5.03202308e-01  3.98827994e-01\n",
      "  -1.77203312e-01  1.41582605e-01  1.44180250e-01  6.50741366e-04\n",
      "  -4.81112400e-01  5.53118499e-01]]\n",
      "C_S:[[ -2.05706225  -4.63330327   0.5273441   -1.2746503   -2.9290924\n",
      "   -0.51522058   1.65614543  -1.8652138   -0.25469788  -0.59717942]\n",
      " [ -0.97971242  -4.46493232   2.32927724  -0.7534404   -2.46253557\n",
      "   -0.57104062   0.94683578  -1.43843369  -0.84953292   0.86444251]\n",
      " [ -6.46996858 -13.570069     1.94514371  -3.71345087  -8.28814191\n",
      "    0.73547962   4.97336944  -2.77526873  -1.08434269  -0.08440041]\n",
      " [ 10.94704906  21.16092066  -6.35881775   7.03067508  12.7208504\n",
      "    0.79915625  -6.87669144   5.49536486   0.68783536  -1.03963141]\n",
      " [ -0.41710741  -0.92257149  -0.11161274  -0.12707932   0.68400644\n",
      "   -0.45584754   0.07686959   0.09840869  -0.22277433  -0.26463547]\n",
      " [  4.87614532  11.32215192  -2.62036153   3.43082129   6.16657439\n",
      "    0.44765161  -2.42635833   2.46805418   0.24363407  -0.86168954]\n",
      " [ -6.14554864 -12.47843603   3.42618138  -4.74519303  -7.31021991\n",
      "   -1.37917035   3.40944057  -2.46477278  -0.83508427   0.5846352 ]\n",
      " [ -6.22685101 -15.95563662   4.84410576  -4.91206768  -9.4401612\n",
      "   -0.67016979   5.46737662  -3.66822496  -0.87775722   0.82315663]\n",
      " [ -0.8979756   -4.29144651   0.23707063  -1.09078089  -2.71155011\n",
      "    1.12521881   2.17383732  -1.1586268   -1.59261057  -1.34719656]\n",
      " [ -2.70168813  -5.00527188   1.06431029  -2.28156393  -2.74545404\n",
      "    0.06884619   2.05708259  -2.068663    -0.22110981   0.4478863 ]]\n",
      "C_S2:[[ -2.05706225  -4.63330327   0.5273441   -1.2746503   -2.9290924\n",
      "   -0.51522058   1.65614543  -1.8652138   -0.25469788  -0.59717942]\n",
      " [ -0.97971242  -4.46493232   2.32927724  -0.7534404   -2.46253557\n",
      "   -0.57104062   0.94683578  -1.43843369  -0.84953292   0.86444251]\n",
      " [ -6.46996858 -13.570069     1.94514371  -3.71345087  -8.28814191\n",
